filename,error_ids,error_messages,count
./Data/generation/python_spanish_claude/iter_3/files/62b43425903eeb48555d3ea1.py,D100 ; F821 ; E501 ; F821 ; W292,Missing docstring in public module ; undefined name 'Pattern' ; line too long (85 > 79 characters) ; undefined name 're' ; no newline at end of file,5
./Data/generation/python_spanish_claude/iter_3/files/62b43426903eeb48555d3ea2.py,D100 ; F821 ; E501 ; W292,Missing docstring in public module ; undefined name '_converting' ; line too long (87 > 79 characters) ; no newline at end of file,4
./Data/generation/python_spanish_claude/iter_3/files/62b43427903eeb48555d3ea5.py,CCR001 ; D100 ; D103 ; F821 ; F821 ; F821 ; F821 ; F821 ; F821 ; F821 ; F821 ; F821 ; F821 ; F821 ; F821 ; F821 ; F821 ; F821 ; W293 ; W293 ; W293 ; W293 ; W293 ; W291 ; W293 ; W293 ; W293 ; W292,Cognitive complexity is too high (28 > 7) ; Missing docstring in public module ; Missing docstring in public function ; undefined name 'AnyStr' ; undefined name 'Union' ; undefined name 'Dict' ; undefined name 'Union' ; undefined name 'Any' ; undefined name 'Sequence' ; undefined name 'Any' ; undefined name 'Tuple' ; undefined name 'AnyStr' ; undefined name 'Union' ; undefined name 'Dict' ; undefined name 'Union' ; undefined name 'Any' ; undefined name 'Sequence' ; undefined name 'Any' ; blank line contains whitespace ; blank line contains whitespace ; blank line contains whitespace ; blank line contains whitespace ; blank line contains whitespace ; trailing whitespace ; blank line contains whitespace ; blank line contains whitespace ; blank line contains whitespace ; no newline at end of file,28
./Data/generation/python_spanish_claude/iter_3/files/62b43428903eeb48555d3eaa.py,D100 ; D103 ; F821 ; F821 ; F821 ; F821 ; F821 ; F821 ; F821 ; F821 ; E501 ; F821 ; F821 ; F821 ; F821 ; F821 ; F821 ; F821 ; F821 ; F821 ; F821 ; F821 ; E501 ; W293 ; W293 ; W293 ; W293 ; W292,Missing docstring in public module ; Missing docstring in public function ; undefined name 'AnyStr' ; undefined name 'Union' ; undefined name 'Iterable' ; undefined name 'Dict' ; undefined name 'Union' ; undefined name 'Any' ; undefined name 'Iterable' ; undefined name 'Sequence' ; line too long (90 > 79 characters) ; undefined name 'Any' ; undefined name 'Tuple' ; undefined name 'AnyStr' ; undefined name 'Union' ; undefined name 'List' ; undefined name 'Dict' ; undefined name 'Union' ; undefined name 'Any' ; undefined name 'List' ; undefined name 'Sequence' ; undefined name 'Any' ; line too long (81 > 79 characters) ; blank line contains whitespace ; blank line contains whitespace ; blank line contains whitespace ; blank line contains whitespace ; no newline at end of file,28
./Data/generation/python_spanish_claude/iter_3/files/62b438a266fea644fe22cc2c.py,D100 ; D200 ; E501 ; E501 ; E501 ; E501 ; W291 ; E501 ; E501 ; E501 ; W292,Missing docstring in public module ; One-line docstring should fit on one line with quotes ; line too long (94 > 79 characters) ; line too long (84 > 79 characters) ; line too long (83 > 79 characters) ; line too long (89 > 79 characters) ; trailing whitespace ; line too long (80 > 79 characters) ; line too long (93 > 79 characters) ; line too long (84 > 79 characters) ; no newline at end of file,11
./Data/generation/python_spanish_claude/iter_3/files/62b438a266fea644fe22cc2d.py,D100 ; E501 ; E501 ; W293 ; W293 ; W293 ; W293 ; W293 ; W292,Missing docstring in public module ; line too long (313 > 79 characters) ; line too long (250 > 79 characters) ; blank line contains whitespace ; blank line contains whitespace ; blank line contains whitespace ; blank line contains whitespace ; blank line contains whitespace ; no newline at end of file,9
./Data/generation/python_spanish_claude/iter_3/files/62b438a266fea644fe22cc2e.py,D100 ; D103 ; W293 ; E501 ; W293 ; E501 ; W293 ; F841 ; W293 ; W293 ; W293 ; W293 ; W293 ; W293 ; W293 ; F841 ; W292,Missing docstring in public module ; Missing docstring in public function ; blank line contains whitespace ; line too long (80 > 79 characters) ; blank line contains whitespace ; line too long (93 > 79 characters) ; blank line contains whitespace ; local variable 'subparsers' is assigned to but never used ; blank line contains whitespace ; blank line contains whitespace ; blank line contains whitespace ; blank line contains whitespace ; blank line contains whitespace ; blank line contains whitespace ; blank line contains whitespace ; local variable 'e' is assigned to but never used ; no newline at end of file,17
./Data/generation/python_spanish_claude/iter_3/files/62b438b566fea644fe22cc70.py,D100 ; D200 ; E501 ; W293 ; E501 ; W293 ; E501 ; W293 ; E501 ; E501 ; E501 ; E501 ; W292 ; E501,Missing docstring in public module ; One-line docstring should fit on one line with quotes ; line too long (190 > 79 characters) ; blank line contains whitespace ; line too long (113 > 79 characters) ; blank line contains whitespace ; line too long (98 > 79 characters) ; blank line contains whitespace ; line too long (87 > 79 characters) ; line too long (97 > 79 characters) ; line too long (101 > 79 characters) ; line too long (88 > 79 characters) ; no newline at end of file ; line too long (1532 > 79 characters),14
./Data/generation/python_spanish_claude/iter_3/files/62b438b666fea644fe22cc72.py,D100 ; D103 ; W292,Missing docstring in public module ; Missing docstring in public function ; no newline at end of file,3
./Data/generation/python_spanish_claude/iter_3/files/62b438b666fea644fe22cc78.py,D100 ; D200 ; E501 ; W293 ; E501 ; W293 ; W293 ; E501 ; E501 ; E501 ; W293 ; W293 ; W292,Missing docstring in public module ; One-line docstring should fit on one line with quotes ; line too long (157 > 79 characters) ; blank line contains whitespace ; line too long (104 > 79 characters) ; blank line contains whitespace ; blank line contains whitespace ; line too long (83 > 79 characters) ; line too long (83 > 79 characters) ; line too long (101 > 79 characters) ; blank line contains whitespace ; blank line contains whitespace ; no newline at end of file,13
./Data/generation/python_spanish_claude/iter_3/files/62b438ba66fea644fe22cca2.py,CCR001 ; D100 ; D103 ; W293 ; W293 ; W293 ; W293 ; W291 ; E129 ; E501 ; W293 ; E231 ; E231 ; E501 ; E231 ; E231 ; W293 ; W293 ; W293 ; E501 ; W293 ; W293 ; W292,"Cognitive complexity is too high (14 > 7) ; Missing docstring in public module ; Missing docstring in public function ; blank line contains whitespace ; blank line contains whitespace ; blank line contains whitespace ; blank line contains whitespace ; trailing whitespace ; visually indented line with same indent as next logical line ; line too long (86 > 79 characters) ; blank line contains whitespace ; missing whitespace after ',' ; missing whitespace after ',' ; line too long (81 > 79 characters) ; missing whitespace after ',' ; missing whitespace after ',' ; blank line contains whitespace ; blank line contains whitespace ; blank line contains whitespace ; line too long (94 > 79 characters) ; blank line contains whitespace ; blank line contains whitespace ; no newline at end of file",23
./Data/generation/python_spanish_claude/iter_3/files/62b45665d7d32e5b55cc8363.py,D100 ; D200 ; E501 ; E501 ; E501 ; E501 ; E231 ; E231 ; W291 ; E128 ; E501 ; E128 ; W293 ; E501 ; E501 ; E501 ; W292,"Missing docstring in public module ; One-line docstring should fit on one line with quotes ; line too long (93 > 79 characters) ; line too long (80 > 79 characters) ; line too long (83 > 79 characters) ; line too long (82 > 79 characters) ; missing whitespace after ',' ; missing whitespace after ',' ; trailing whitespace ; continuation line under-indented for visual indent ; line too long (80 > 79 characters) ; continuation line under-indented for visual indent ; blank line contains whitespace ; line too long (92 > 79 characters) ; line too long (88 > 79 characters) ; line too long (85 > 79 characters) ; no newline at end of file",17
./Data/generation/python_spanish_claude/iter_3/files/62b45665d7d32e5b55cc8364.py,D100 ; E501 ; W291 ; E501 ; E501 ; B001 ; E722 ; W292,"Missing docstring in public module ; line too long (313 > 79 characters) ; trailing whitespace ; line too long (118 > 79 characters) ; line too long (86 > 79 characters) ; Do not use bare `except:`, it also catches unexpected events like memory errors, interrupts, system exit, and so on.  Prefer excepting specific exceptions  If you're sure what you're doing, be explicit and write `except BaseException:`. ; do not use bare 'except' ; no newline at end of file",8
./Data/generation/python_spanish_claude/iter_3/files/62b45665d7d32e5b55cc8365.py,D100 ; D103 ; W293 ; E501 ; W293 ; E501 ; W293 ; F841 ; W293 ; W293 ; W293 ; W293 ; W293 ; W293 ; W293 ; F841 ; W292,Missing docstring in public module ; Missing docstring in public function ; blank line contains whitespace ; line too long (80 > 79 characters) ; blank line contains whitespace ; line too long (93 > 79 characters) ; blank line contains whitespace ; local variable 'subparsers' is assigned to but never used ; blank line contains whitespace ; blank line contains whitespace ; blank line contains whitespace ; blank line contains whitespace ; blank line contains whitespace ; blank line contains whitespace ; blank line contains whitespace ; local variable 'e' is assigned to but never used ; no newline at end of file,17
./Data/generation/python_spanish_claude/iter_3/files/62b45679d7d32e5b55cc83a9.py,D100 ; D103 ; W292,Missing docstring in public module ; Missing docstring in public function ; no newline at end of file,3
./Data/generation/python_spanish_claude/iter_3/files/62b4567ad7d32e5b55cc83af.py,D100 ; D200 ; E501 ; W293 ; E501 ; W293 ; W293 ; E501 ; E501 ; E501 ; W293 ; W293 ; W292,Missing docstring in public module ; One-line docstring should fit on one line with quotes ; line too long (157 > 79 characters) ; blank line contains whitespace ; line too long (104 > 79 characters) ; blank line contains whitespace ; blank line contains whitespace ; line too long (83 > 79 characters) ; line too long (83 > 79 characters) ; line too long (101 > 79 characters) ; blank line contains whitespace ; blank line contains whitespace ; no newline at end of file,13
./Data/generation/python_spanish_claude/iter_3/files/62b4567ed7d32e5b55cc83d9.py,CCR001 ; D100 ; D103 ; W293 ; W293 ; W293 ; W293 ; W291 ; E129 ; W293 ; E231 ; E231 ; W293 ; W293 ; W291 ; E128 ; W293 ; C812 ; W293 ; W293 ; W292,"Cognitive complexity is too high (10 > 7) ; Missing docstring in public module ; Missing docstring in public function ; blank line contains whitespace ; blank line contains whitespace ; blank line contains whitespace ; blank line contains whitespace ; trailing whitespace ; visually indented line with same indent as next logical line ; blank line contains whitespace ; missing whitespace after ',' ; missing whitespace after ',' ; blank line contains whitespace ; blank line contains whitespace ; trailing whitespace ; continuation line under-indented for visual indent ; blank line contains whitespace ; missing trailing comma ; blank line contains whitespace ; blank line contains whitespace ; no newline at end of file",21
./Data/generation/python_spanish_claude/iter_3/files/62b45b396decaeff903e1001.py,D100 ; D200 ; D400 ; W293 ; W293 ; W291 ; E128 ; E128 ; W293 ; W293 ; W292,Missing docstring in public module ; One-line docstring should fit on one line with quotes ; First line should end with a period ; blank line contains whitespace ; blank line contains whitespace ; trailing whitespace ; continuation line under-indented for visual indent ; continuation line under-indented for visual indent ; blank line contains whitespace ; blank line contains whitespace ; no newline at end of file,11
./Data/generation/python_spanish_claude/iter_3/files/62b45df05108cfac7f2109ce.py,CCR001 ; D100 ; E501 ; W293 ; W293 ; F821 ; W293 ; W293 ; W293 ; W293 ; W293 ; F821 ; E501 ; F821 ; E501 ; W293 ; W293 ; W293 ; W292,Cognitive complexity is too high (25 > 7) ; Missing docstring in public module ; line too long (83 > 79 characters) ; blank line contains whitespace ; blank line contains whitespace ; undefined name 'json' ; blank line contains whitespace ; blank line contains whitespace ; blank line contains whitespace ; blank line contains whitespace ; blank line contains whitespace ; undefined name 'hashlib' ; line too long (84 > 79 characters) ; undefined name 'hashlib' ; line too long (84 > 79 characters) ; blank line contains whitespace ; blank line contains whitespace ; blank line contains whitespace ; no newline at end of file,19
./Data/generation/python_spanish_claude/iter_3/files/62b45df15108cfac7f2109dc.py,CCR001 ; D100 ; D200 ; W293 ; W293 ; W292,Cognitive complexity is too high (8 > 7) ; Missing docstring in public module ; One-line docstring should fit on one line with quotes ; blank line contains whitespace ; blank line contains whitespace ; no newline at end of file,6
./Data/generation/python_spanish_claude/iter_3/files/62b45df15108cfac7f2109dd.py,D100 ; D200 ; E501 ; W293 ; W293 ; W293 ; W292,Missing docstring in public module ; One-line docstring should fit on one line with quotes ; line too long (102 > 79 characters) ; blank line contains whitespace ; blank line contains whitespace ; blank line contains whitespace ; no newline at end of file,7
./Data/generation/python_spanish_claude/iter_3/files/62b45e135108cfac7f2109f4.py,D100 ; D200 ; E501 ; W292,Missing docstring in public module ; One-line docstring should fit on one line with quotes ; line too long (100 > 79 characters) ; no newline at end of file,4
./Data/generation/python_spanish_claude/iter_3/files/62b45e145108cfac7f210a07.py,CCR001 ; D100 ; E501 ; E501 ; E501 ; E501 ; E501 ; W293 ; E501 ; E501 ; W292,Cognitive complexity is too high (23 > 7) ; Missing docstring in public module ; line too long (96 > 79 characters) ; line too long (94 > 79 characters) ; line too long (99 > 79 characters) ; line too long (83 > 79 characters) ; line too long (89 > 79 characters) ; blank line contains whitespace ; line too long (87 > 79 characters) ; line too long (83 > 79 characters) ; no newline at end of file,11
./Data/generation/python_spanish_claude/iter_3/files/62b45e145108cfac7f210a09.py,D100 ; D200 ; E501 ; E501 ; W292,Missing docstring in public module ; One-line docstring should fit on one line with quotes ; line too long (96 > 79 characters) ; line too long (82 > 79 characters) ; no newline at end of file,5
./Data/generation/python_spanish_claude/iter_3/files/62b45e165108cfac7f210a16.py,CCR001 ; D100 ; D103 ; E501 ; E501 ; E501 ; E501 ; W292,Cognitive complexity is too high (12 > 7) ; Missing docstring in public module ; Missing docstring in public function ; line too long (85 > 79 characters) ; line too long (97 > 79 characters) ; line too long (85 > 79 characters) ; line too long (81 > 79 characters) ; no newline at end of file,8
./Data/generation/python_spanish_claude/iter_3/files/62b45e165108cfac7f210a17.py,CCR001 ; D100 ; D103 ; W293 ; W293 ; W293 ; W292,Cognitive complexity is too high (10 > 7) ; Missing docstring in public module ; Missing docstring in public function ; blank line contains whitespace ; blank line contains whitespace ; blank line contains whitespace ; no newline at end of file,7
./Data/generation/python_spanish_claude/iter_3/files/62b45e175108cfac7f210a19.py,CCR001 ; D100 ; E501 ; E501 ; E501 ; E501 ; W293 ; W292,Cognitive complexity is too high (11 > 7) ; Missing docstring in public module ; line too long (130 > 79 characters) ; line too long (90 > 79 characters) ; line too long (95 > 79 characters) ; line too long (115 > 79 characters) ; blank line contains whitespace ; no newline at end of file,8
./Data/generation/python_spanish_claude/iter_3/files/62b45e21e0d4551b0392c8ed.py,CCR001 ; D100 ; D103 ; W293 ; W293 ; W293 ; W293 ; W292,Cognitive complexity is too high (8 > 7) ; Missing docstring in public module ; Missing docstring in public function ; blank line contains whitespace ; blank line contains whitespace ; blank line contains whitespace ; blank line contains whitespace ; no newline at end of file,8
./Data/generation/python_spanish_claude/iter_3/files/62b45e23e0d4551b0392c90a.py,CCR001 ; D100 ; E501 ; W291 ; W291 ; W291 ; W293 ; F821 ; W293 ; F821 ; E501 ; W293 ; W293 ; W293 ; F821 ; W293 ; W291 ; W293 ; W293 ; W292,Cognitive complexity is too high (17 > 7) ; Missing docstring in public module ; line too long (83 > 79 characters) ; trailing whitespace ; trailing whitespace ; trailing whitespace ; blank line contains whitespace ; undefined name 'os' ; blank line contains whitespace ; undefined name 'os' ; line too long (88 > 79 characters) ; blank line contains whitespace ; blank line contains whitespace ; blank line contains whitespace ; undefined name 'os' ; blank line contains whitespace ; trailing whitespace ; blank line contains whitespace ; blank line contains whitespace ; no newline at end of file,20
./Data/generation/python_spanish_claude/iter_3/files/62b45e2eb89c9fd354170232.py,CCR001 ; D100 ; D103 ; W293 ; W293 ; W293 ; W293 ; W293 ; W293 ; W293 ; W292,Cognitive complexity is too high (8 > 7) ; Missing docstring in public module ; Missing docstring in public function ; blank line contains whitespace ; blank line contains whitespace ; blank line contains whitespace ; blank line contains whitespace ; blank line contains whitespace ; blank line contains whitespace ; blank line contains whitespace ; no newline at end of file,11
./Data/generation/python_spanish_claude/iter_3/files/62b45e515108cfac7f210a3c.py,D100 ; D200 ; F821 ; F821 ; F821 ; W291 ; C812 ; C812 ; W293 ; F821 ; F821 ; F821 ; F821 ; F821 ; W292,Missing docstring in public module ; One-line docstring should fit on one line with quotes ; undefined name 'os' ; undefined name 'os' ; undefined name 'os' ; trailing whitespace ; missing trailing comma ; missing trailing comma ; blank line contains whitespace ; undefined name 'os' ; undefined name 'json' ; undefined name 'os' ; undefined name 'os' ; undefined name 'os' ; no newline at end of file,15
./Data/generation/python_spanish_claude/iter_3/files/62b45e945108cfac7f210a4a.py,CCR001 ; D100 ; E501 ; W293 ; B007 ; B007 ; W293 ; W293 ; W293 ; E501 ; W293 ; W292,"Cognitive complexity is too high (26 > 7) ; Missing docstring in public module ; line too long (93 > 79 characters) ; blank line contains whitespace ; Loop control variable 'root' not used within the loop body. If this is intended, start the name with an underscore. ; Loop control variable 'dirs' not used within the loop body. If this is intended, start the name with an underscore. ; blank line contains whitespace ; blank line contains whitespace ; blank line contains whitespace ; line too long (82 > 79 characters) ; blank line contains whitespace ; no newline at end of file",12
./Data/generation/python_spanish_claude/iter_3/files/62b463153879012d19481498.py,D100 ; D200 ; W293 ; W293 ; W292,Missing docstring in public module ; One-line docstring should fit on one line with quotes ; blank line contains whitespace ; blank line contains whitespace ; no newline at end of file,5
./Data/generation/python_spanish_claude/iter_3/files/62b463153879012d1948149a.py,D100 ; E501 ; W291 ; W291 ; W291 ; W291 ; W291 ; W291 ; W293 ; W293 ; W293 ; C812 ; W293 ; W292,Missing docstring in public module ; line too long (100 > 79 characters) ; trailing whitespace ; trailing whitespace ; trailing whitespace ; trailing whitespace ; trailing whitespace ; trailing whitespace ; blank line contains whitespace ; blank line contains whitespace ; blank line contains whitespace ; missing trailing comma ; blank line contains whitespace ; no newline at end of file,14
./Data/generation/python_spanish_claude/iter_3/files/62b463153879012d1948149b.py,D100 ; E501 ; W291 ; W291 ; W291 ; W291 ; W291 ; W293 ; W292,Missing docstring in public module ; line too long (93 > 79 characters) ; trailing whitespace ; trailing whitespace ; trailing whitespace ; trailing whitespace ; trailing whitespace ; blank line contains whitespace ; no newline at end of file,9
./Data/generation/python_spanish_claude/iter_3/files/62b463153879012d1948149c.py,D100 ; D103 ; W293 ; W293 ; W293 ; W292,Missing docstring in public module ; Missing docstring in public function ; blank line contains whitespace ; blank line contains whitespace ; blank line contains whitespace ; no newline at end of file,6
./Data/generation/python_spanish_claude/iter_3/files/62b463153879012d1948149d.py,CCR001 ; D100 ; D400 ; W291 ; E501 ; W291 ; W291 ; W291 ; W291 ; W291 ; W291 ; W291 ; W293 ; W293 ; W293 ; W293 ; W293 ; W292,Cognitive complexity is too high (8 > 7) ; Missing docstring in public module ; First line should end with a period ; trailing whitespace ; line too long (108 > 79 characters) ; trailing whitespace ; trailing whitespace ; trailing whitespace ; trailing whitespace ; trailing whitespace ; trailing whitespace ; trailing whitespace ; blank line contains whitespace ; blank line contains whitespace ; blank line contains whitespace ; blank line contains whitespace ; blank line contains whitespace ; no newline at end of file,18
./Data/generation/python_spanish_claude/iter_3/files/62b463153879012d1948149f.py,D100 ; E501 ; W293 ; W293 ; W293 ; W292,Missing docstring in public module ; line too long (82 > 79 characters) ; blank line contains whitespace ; blank line contains whitespace ; blank line contains whitespace ; no newline at end of file,6
./Data/generation/python_spanish_claude/iter_3/files/62b463153879012d194814a1.py,D100 ; D401 ; E501 ; W293 ; W293 ; W293 ; W293 ; W292,Missing docstring in public module ; First line should be in imperative mood ; line too long (84 > 79 characters) ; blank line contains whitespace ; blank line contains whitespace ; blank line contains whitespace ; blank line contains whitespace ; no newline at end of file,8
./Data/generation/python_spanish_claude/iter_3/files/62b463163879012d194814a2.py,D100 ; D401 ; E501 ; W293 ; W293 ; W293 ; W292,Missing docstring in public module ; First line should be in imperative mood ; line too long (92 > 79 characters) ; blank line contains whitespace ; blank line contains whitespace ; blank line contains whitespace ; no newline at end of file,7
./Data/generation/python_spanish_claude/iter_3/files/62b463163879012d194814a4.py,CCR001 ; D100 ; W293 ; E501 ; W293 ; W291 ; W291 ; W293 ; W293 ; W293 ; E501 ; W293 ; W292,Cognitive complexity is too high (10 > 7) ; Missing docstring in public module ; blank line contains whitespace ; line too long (108 > 79 characters) ; blank line contains whitespace ; trailing whitespace ; trailing whitespace ; blank line contains whitespace ; blank line contains whitespace ; blank line contains whitespace ; line too long (86 > 79 characters) ; blank line contains whitespace ; no newline at end of file,13
./Data/generation/python_spanish_claude/iter_3/files/62b463163879012d194814a6.py,D100 ; W293 ; W293 ; W293 ; W293 ; W292,Missing docstring in public module ; blank line contains whitespace ; blank line contains whitespace ; blank line contains whitespace ; blank line contains whitespace ; no newline at end of file,6
./Data/generation/python_spanish_claude/iter_3/files/62b4631b3879012d194814dd.py,D100 ; D200 ; D400 ; W292,Missing docstring in public module ; One-line docstring should fit on one line with quotes ; First line should end with a period ; no newline at end of file,4
./Data/generation/python_spanish_claude/iter_3/files/62b463283879012d1948153d.py,D100 ; D200 ; B001 ; E722 ; W292,"Missing docstring in public module ; One-line docstring should fit on one line with quotes ; Do not use bare `except:`, it also catches unexpected events like memory errors, interrupts, system exit, and so on.  Prefer excepting specific exceptions  If you're sure what you're doing, be explicit and write `except BaseException:`. ; do not use bare 'except' ; no newline at end of file",5
./Data/generation/python_spanish_claude/iter_3/files/62b463303879012d19481579.py,CCR001 ; D100 ; D200 ; E501 ; W293 ; W293 ; W293 ; W293 ; W293 ; W293 ; E261 ; W293 ; W293 ; W293 ; W292,Cognitive complexity is too high (12 > 7) ; Missing docstring in public module ; One-line docstring should fit on one line with quotes ; line too long (88 > 79 characters) ; blank line contains whitespace ; blank line contains whitespace ; blank line contains whitespace ; blank line contains whitespace ; blank line contains whitespace ; blank line contains whitespace ; at least two spaces before inline comment ; blank line contains whitespace ; blank line contains whitespace ; blank line contains whitespace ; no newline at end of file,15
./Data/generation/python_spanish_claude/iter_3/files/62b46740d2f69a53b466171a.py,CCR001 ; D100 ; D200 ; W293 ; E501 ; W291 ; E128 ; W293 ; E501 ; W291 ; E128 ; W293 ; W293 ; W292,Cognitive complexity is too high (14 > 7) ; Missing docstring in public module ; One-line docstring should fit on one line with quotes ; blank line contains whitespace ; line too long (94 > 79 characters) ; trailing whitespace ; continuation line under-indented for visual indent ; blank line contains whitespace ; line too long (98 > 79 characters) ; trailing whitespace ; continuation line under-indented for visual indent ; blank line contains whitespace ; blank line contains whitespace ; no newline at end of file,14
./Data/generation/python_spanish_claude/iter_3/files/62b46746d2f69a53b4661722.py,CCR001 ; D100 ; D103 ; W293 ; W293 ; W293 ; W293 ; W291 ; E129 ; W293 ; W291 ; E501 ; W293 ; E501 ; E501 ; W293 ; E501 ; E501 ; W293 ; W293 ; W292,Cognitive complexity is too high (32 > 7) ; Missing docstring in public module ; Missing docstring in public function ; blank line contains whitespace ; blank line contains whitespace ; blank line contains whitespace ; blank line contains whitespace ; trailing whitespace ; visually indented line with same indent as next logical line ; blank line contains whitespace ; trailing whitespace ; line too long (81 > 79 characters) ; blank line contains whitespace ; line too long (81 > 79 characters) ; line too long (80 > 79 characters) ; blank line contains whitespace ; line too long (81 > 79 characters) ; line too long (80 > 79 characters) ; blank line contains whitespace ; blank line contains whitespace ; no newline at end of file,21
./Data/generation/python_spanish_claude/iter_3/files/62b86707b4d922cb0e688c2a.py,D100 ; D103 ; W292,Missing docstring in public module ; Missing docstring in public function ; no newline at end of file,3
./Data/generation/python_spanish_claude/iter_3/files/62b86729b4d922cb0e688c2f.py,D100 ; E501 ; C812 ; C812 ; C812 ; W293 ; W292,Missing docstring in public module ; line too long (127 > 79 characters) ; missing trailing comma ; missing trailing comma ; missing trailing comma ; blank line contains whitespace ; no newline at end of file,7
./Data/generation/python_spanish_claude/iter_3/files/62b869eab4d922cb0e688cbf.py,CCR001 ; D100 ; D103 ; W293 ; E501 ; W293 ; W293 ; W293 ; C812 ; C812 ; W293 ; C812 ; W291 ; C812 ; C812 ; W293 ; C812 ; C812 ; W293 ; C812 ; C812 ; W293 ; W292,Cognitive complexity is too high (12 > 7) ; Missing docstring in public module ; Missing docstring in public function ; blank line contains whitespace ; line too long (96 > 79 characters) ; blank line contains whitespace ; blank line contains whitespace ; blank line contains whitespace ; missing trailing comma ; missing trailing comma ; blank line contains whitespace ; missing trailing comma ; trailing whitespace ; missing trailing comma ; missing trailing comma ; blank line contains whitespace ; missing trailing comma ; missing trailing comma ; blank line contains whitespace ; missing trailing comma ; missing trailing comma ; blank line contains whitespace ; no newline at end of file,23
./Data/generation/python_spanish_claude/iter_3/files/62b869eab4d922cb0e688cc5.py,CCR001 ; D100 ; D103 ; C812 ; C812 ; F821 ; C812 ; W292,Cognitive complexity is too high (12 > 7) ; Missing docstring in public module ; Missing docstring in public function ; missing trailing comma ; missing trailing comma ; undefined name 'update_last_applied_manifest_list_from_resp' ; missing trailing comma ; no newline at end of file,8
./Data/generation/python_spanish_claude/iter_3/files/62b869ebb4d922cb0e688cc6.py,CCR001 ; D100 ; D103 ; C812 ; W293 ; W293 ; W293 ; E501 ; W293 ; W291 ; C812 ; W291 ; C812 ; W293 ; W292,Cognitive complexity is too high (13 > 7) ; Missing docstring in public module ; Missing docstring in public function ; missing trailing comma ; blank line contains whitespace ; blank line contains whitespace ; blank line contains whitespace ; line too long (81 > 79 characters) ; blank line contains whitespace ; trailing whitespace ; missing trailing comma ; trailing whitespace ; missing trailing comma ; blank line contains whitespace ; no newline at end of file,15
./Data/generation/python_spanish_claude/iter_3/files/62b86a01b4d922cb0e688ccc.py,CCR001 ; D100 ; D103 ; W293 ; W293 ; W293 ; W293 ; W291 ; E501 ; W293 ; W291 ; W293 ; W292,Cognitive complexity is too high (9 > 7) ; Missing docstring in public module ; Missing docstring in public function ; blank line contains whitespace ; blank line contains whitespace ; blank line contains whitespace ; blank line contains whitespace ; trailing whitespace ; line too long (99 > 79 characters) ; blank line contains whitespace ; trailing whitespace ; blank line contains whitespace ; no newline at end of file,13
./Data/generation/python_spanish_claude/iter_3/files/62b86a4fb4d922cb0e688cf7.py,D100 ; E501 ; W293 ; W291 ; E501 ; W293 ; E501 ; W293 ; D101 ; E302 ; W292,"Missing docstring in public module ; line too long (86 > 79 characters) ; blank line contains whitespace ; trailing whitespace ; line too long (85 > 79 characters) ; blank line contains whitespace ; line too long (91 > 79 characters) ; blank line contains whitespace ; Missing docstring in public class ; expected 2 blank lines, found 1 ; no newline at end of file",11
./Data/generation/python_spanish_claude/iter_3/files/62b86a4fb4d922cb0e688cf8.py,D100 ; E501 ; W291 ; E501 ; D101 ; E302 ; W292,"Missing docstring in public module ; line too long (86 > 79 characters) ; trailing whitespace ; line too long (85 > 79 characters) ; Missing docstring in public class ; expected 2 blank lines, found 1 ; no newline at end of file",7
./Data/generation/python_spanish_claude/iter_3/files/62b86a9eb4d922cb0e688d25.py,D100 ; D205 ; D400 ; W291 ; W291 ; W291 ; W293 ; W293 ; W292,Missing docstring in public module ; 1 blank line required between summary line and description ; First line should end with a period ; trailing whitespace ; trailing whitespace ; trailing whitespace ; blank line contains whitespace ; blank line contains whitespace ; no newline at end of file,9
./Data/generation/python_spanish_claude/iter_3/files/62b86aa3b4d922cb0e688d36.py,CCR001 ; D100 ; F401 ; F401 ; W293 ; W293 ; W293 ; W293 ; C812 ; W293 ; E501 ; C812 ; W293 ; C812 ; W293 ; D101 ; E302 ; D107 ; W292,"Cognitive complexity is too high (9 > 7) ; Missing docstring in public module ; 'typing.Dict' imported but unused ; 'typing.Any' imported but unused ; blank line contains whitespace ; blank line contains whitespace ; blank line contains whitespace ; blank line contains whitespace ; missing trailing comma ; blank line contains whitespace ; line too long (104 > 79 characters) ; missing trailing comma ; blank line contains whitespace ; missing trailing comma ; blank line contains whitespace ; Missing docstring in public class ; expected 2 blank lines, found 1 ; Missing docstring in __init__ ; no newline at end of file",19
./Data/generation/python_spanish_claude/iter_3/files/62b87af09a0c4fa8b80b34f1.py,D100 ; W293 ; W293 ; W293 ; W292,Missing docstring in public module ; blank line contains whitespace ; blank line contains whitespace ; blank line contains whitespace ; no newline at end of file,5
./Data/generation/python_spanish_claude/iter_3/files/62b87af19a0c4fa8b80b34f7.py,CCR001 ; D100 ; E501 ; E501 ; E501 ; W291 ; W293 ; E501 ; W293 ; W292,Cognitive complexity is too high (11 > 7) ; Missing docstring in public module ; line too long (86 > 79 characters) ; line too long (294 > 79 characters) ; line too long (188 > 79 characters) ; trailing whitespace ; blank line contains whitespace ; line too long (84 > 79 characters) ; blank line contains whitespace ; no newline at end of file,10
./Data/generation/python_spanish_claude/iter_3/files/62b87af69a0c4fa8b80b351a.py,D100 ; D200 ; B009 ; E127 ; B009 ; W292,"Missing docstring in public module ; One-line docstring should fit on one line with quotes ; Do not call getattr with a constant attribute value, it is not any safer than normal property access. ; continuation line over-indented for visual indent ; Do not call getattr with a constant attribute value, it is not any safer than normal property access. ; no newline at end of file",6
./Data/generation/python_spanish_claude/iter_3/files/62b87af99a0c4fa8b80b3524.py,D100 ; D200 ; B009 ; W292,"Missing docstring in public module ; One-line docstring should fit on one line with quotes ; Do not call getattr with a constant attribute value, it is not any safer than normal property access. ; no newline at end of file",4
./Data/generation/python_spanish_claude/iter_3/files/62b87b099a0c4fa8b80b3538.py,D100 ; D103 ; B009 ; B009 ; W292,"Missing docstring in public module ; Missing docstring in public function ; Do not call getattr with a constant attribute value, it is not any safer than normal property access. ; Do not call getattr with a constant attribute value, it is not any safer than normal property access. ; no newline at end of file",5
./Data/generation/python_spanish_claude/iter_3/files/62b87b199a0c4fa8b80b354c.py,D100 ; D205 ; W293 ; F821 ; W293 ; W292,Missing docstring in public module ; 1 blank line required between summary line and description ; blank line contains whitespace ; undefined name 'itertools' ; blank line contains whitespace ; no newline at end of file,6
./Data/generation/python_spanish_claude/iter_3/files/62b87b199a0c4fa8b80b354e.py,D100 ; D103 ; W293 ; W293 ; W293 ; W293 ; W292,Missing docstring in public module ; Missing docstring in public function ; blank line contains whitespace ; blank line contains whitespace ; blank line contains whitespace ; blank line contains whitespace ; no newline at end of file,7
./Data/generation/python_spanish_claude/iter_3/files/62b87b4f9a0c4fa8b80b3580.py,D100 ; D402 ; W291 ; W291 ; W292,"Missing docstring in public module ; First line should not be the function's ""signature"" ; trailing whitespace ; trailing whitespace ; no newline at end of file",5
./Data/generation/python_spanish_claude/iter_3/files/62b87b4f9a0c4fa8b80b3581.py,CCR001 ; D100 ; D103 ; W293 ; W293 ; W293 ; W293 ; W293 ; W293 ; W293 ; W293 ; W292,Cognitive complexity is too high (11 > 7) ; Missing docstring in public module ; Missing docstring in public function ; blank line contains whitespace ; blank line contains whitespace ; blank line contains whitespace ; blank line contains whitespace ; blank line contains whitespace ; blank line contains whitespace ; blank line contains whitespace ; blank line contains whitespace ; no newline at end of file,12
./Data/generation/python_spanish_claude/iter_3/files/62b87b519a0c4fa8b80b3583.py,CCR001 ; D100 ; D103 ; W293 ; W293 ; F821 ; W293 ; W293 ; W293 ; W293 ; W293 ; W293 ; W292,Cognitive complexity is too high (11 > 7) ; Missing docstring in public module ; Missing docstring in public function ; blank line contains whitespace ; blank line contains whitespace ; undefined name 'LenaValueError' ; blank line contains whitespace ; blank line contains whitespace ; blank line contains whitespace ; blank line contains whitespace ; blank line contains whitespace ; blank line contains whitespace ; no newline at end of file,13
./Data/generation/python_spanish_claude/iter_3/files/62b87b7e9a0c4fa8b80b35bc.py,CCR001 ; D100 ; W293 ; E501 ; E501 ; W293 ; W293 ; W293 ; F841 ; E501 ; W292,Cognitive complexity is too high (12 > 7) ; Missing docstring in public module ; blank line contains whitespace ; line too long (94 > 79 characters) ; line too long (93 > 79 characters) ; blank line contains whitespace ; blank line contains whitespace ; blank line contains whitespace ; local variable 'error_key' is assigned to but never used ; line too long (82 > 79 characters) ; no newline at end of file,11
./Data/generation/python_spanish_claude/iter_3/files/62b87b839a0c4fa8b80b35cb.py,D100 ; D200 ; W291 ; E501 ; W292,Missing docstring in public module ; One-line docstring should fit on one line with quotes ; trailing whitespace ; line too long (91 > 79 characters) ; no newline at end of file,5
./Data/generation/python_spanish_claude/iter_3/files/62b87b859a0c4fa8b80b35d7.py,D100 ; D103 ; W293 ; W293 ; W293 ; W291 ; W293 ; W293 ; W292,Missing docstring in public module ; Missing docstring in public function ; blank line contains whitespace ; blank line contains whitespace ; blank line contains whitespace ; trailing whitespace ; blank line contains whitespace ; blank line contains whitespace ; no newline at end of file,9
./Data/generation/python_spanish_claude/iter_3/files/62b87b869a0c4fa8b80b35e1.py,CCR001 ; D100 ; D103 ; E731 ; E731 ; E731 ; E731 ; W293 ; W293 ; W292,"Cognitive complexity is too high (12 > 7) ; Missing docstring in public module ; Missing docstring in public function ; do not assign a lambda expression, use a def ; do not assign a lambda expression, use a def ; do not assign a lambda expression, use a def ; do not assign a lambda expression, use a def ; blank line contains whitespace ; blank line contains whitespace ; no newline at end of file",10
./Data/generation/python_spanish_claude/iter_3/files/62b87b989a0c4fa8b80b35ee.py,D100 ; W293 ; W292,Missing docstring in public module ; blank line contains whitespace ; no newline at end of file,3
./Data/generation/python_spanish_claude/iter_3/files/62b87d23d292efb640a55667.py,D100 ; W293 ; W293 ; W292,Missing docstring in public module ; blank line contains whitespace ; blank line contains whitespace ; no newline at end of file,4
./Data/generation/python_spanish_claude/iter_3/files/62b87d23d292efb640a55668.py,D100 ; D200 ; W293 ; W293 ; W293 ; W292,Missing docstring in public module ; One-line docstring should fit on one line with quotes ; blank line contains whitespace ; blank line contains whitespace ; blank line contains whitespace ; no newline at end of file,6
./Data/generation/python_spanish_claude/iter_3/files/62b87d23d292efb640a5566b.py,CCR001 ; D100 ; E501 ; D200 ; W293 ; W293 ; W293 ; W293 ; W293 ; W292,Cognitive complexity is too high (16 > 7) ; Missing docstring in public module ; line too long (86 > 79 characters) ; One-line docstring should fit on one line with quotes ; blank line contains whitespace ; blank line contains whitespace ; blank line contains whitespace ; blank line contains whitespace ; blank line contains whitespace ; no newline at end of file,10
./Data/generation/python_spanish_claude/iter_3/files/62b87d24d292efb640a5566d.py,D100 ; D200 ; D210 ; D400 ; W291 ; W292,Missing docstring in public module ; One-line docstring should fit on one line with quotes ; No whitespaces allowed surrounding docstring text ; First line should end with a period ; trailing whitespace ; no newline at end of file,6
./Data/generation/python_spanish_claude/iter_3/files/62b87d24d292efb640a5566f.py,D100 ; D200 ; W293 ; W293 ; W292,Missing docstring in public module ; One-line docstring should fit on one line with quotes ; blank line contains whitespace ; blank line contains whitespace ; no newline at end of file,5
./Data/generation/python_spanish_claude/iter_3/files/62b87d24d292efb640a55670.py,D100 ; D200 ; E501 ; W291 ; C812 ; W293 ; W293 ; C812 ; W292,Missing docstring in public module ; One-line docstring should fit on one line with quotes ; line too long (101 > 79 characters) ; trailing whitespace ; missing trailing comma ; blank line contains whitespace ; blank line contains whitespace ; missing trailing comma ; no newline at end of file,9
./Data/generation/python_spanish_claude/iter_3/files/62b89640755ee91dce50a114.py,D100 ; D400 ; E501 ; W292,Missing docstring in public module ; First line should end with a period ; line too long (81 > 79 characters) ; no newline at end of file,4
./Data/generation/python_spanish_claude/iter_3/files/62b8966c755ee91dce50a154.py,CCR001 ; D100 ; D103 ; F401 ; C812 ; E501 ; W291 ; W293 ; E501 ; W293 ; B007 ; W293 ; W293 ; W293 ; W293 ; E501 ; W293 ; W292,"Cognitive complexity is too high (20 > 7) ; Missing docstring in public module ; Missing docstring in public function ; 'datetime.date' imported but unused ; missing trailing comma ; line too long (120 > 79 characters) ; trailing whitespace ; blank line contains whitespace ; line too long (96 > 79 characters) ; blank line contains whitespace ; Loop control variable 'pattern_name' not used within the loop body. If this is intended, start the name with an underscore. ; blank line contains whitespace ; blank line contains whitespace ; blank line contains whitespace ; blank line contains whitespace ; line too long (85 > 79 characters) ; blank line contains whitespace ; no newline at end of file",18
./Data/generation/python_spanish_claude/iter_3/files/62b896de755ee91dce50a183.py,CCR001 ; D100 ; D202 ; W293 ; F821 ; W293 ; E501 ; W293 ; W293 ; W293 ; F821 ; W293 ; W291 ; E128 ; W293 ; W293 ; F821 ; W293 ; W293 ; F821 ; F841 ; E501 ; W292,Cognitive complexity is too high (28 > 7) ; Missing docstring in public module ; No blank lines allowed after function docstring ; blank line contains whitespace ; undefined name 'datetime' ; blank line contains whitespace ; line too long (80 > 79 characters) ; blank line contains whitespace ; blank line contains whitespace ; blank line contains whitespace ; undefined name 'ParserError' ; blank line contains whitespace ; trailing whitespace ; continuation line under-indented for visual indent ; blank line contains whitespace ; blank line contains whitespace ; undefined name 'tzoffset' ; blank line contains whitespace ; blank line contains whitespace ; undefined name 'ParserError' ; local variable 'e' is assigned to but never used ; line too long (93 > 79 characters) ; no newline at end of file,23
./Data/generation/python_spanish_claude/iter_3/files/62b8982f755ee91dce50a241.py,CCR001 ; D100 ; D103 ; W291 ; W291 ; C812 ; W292,Cognitive complexity is too high (9 > 7) ; Missing docstring in public module ; Missing docstring in public function ; trailing whitespace ; trailing whitespace ; missing trailing comma ; no newline at end of file,7
./Data/generation/python_spanish_claude/iter_3/files/62b8a4a4755ee91dce50a3d2.py,D100 ; E501 ; E501 ; W291 ; F841 ; W293 ; W293 ; W293 ; W293 ; F821 ; W293 ; W293 ; W292,Missing docstring in public module ; line too long (177 > 79 characters) ; line too long (295 > 79 characters) ; trailing whitespace ; local variable 'utc_ts' is assigned to but never used ; blank line contains whitespace ; blank line contains whitespace ; blank line contains whitespace ; blank line contains whitespace ; undefined name 'timedelta' ; blank line contains whitespace ; blank line contains whitespace ; no newline at end of file,13
./Data/generation/python_spanish_claude/iter_3/files/62b8a4a4755ee91dce50a3d3.py,D100 ; E501 ; E501 ; W293 ; W293 ; W293 ; W293 ; E501 ; W293 ; W292,Missing docstring in public module ; line too long (221 > 79 characters) ; line too long (289 > 79 characters) ; blank line contains whitespace ; blank line contains whitespace ; blank line contains whitespace ; blank line contains whitespace ; line too long (84 > 79 characters) ; blank line contains whitespace ; no newline at end of file,10
./Data/generation/python_spanish_claude/iter_3/files/62b8a7b2755ee91dce50a4a7.py,D100 ; E501 ; E501 ; E501 ; E501 ; W293 ; W292,Missing docstring in public module ; line too long (132 > 79 characters) ; line too long (175 > 79 characters) ; line too long (167 > 79 characters) ; line too long (121 > 79 characters) ; blank line contains whitespace ; no newline at end of file,7
./Data/generation/python_spanish_claude/iter_3/files/62b8b3d4eb7e40a82d2d110d.py,D100 ; E501 ; W292,Missing docstring in public module ; line too long (80 > 79 characters) ; no newline at end of file,3
./Data/generation/python_spanish_claude/iter_3/files/62b8b3d4eb7e40a82d2d110e.py,D100 ; D200 ; W292,Missing docstring in public module ; One-line docstring should fit on one line with quotes ; no newline at end of file,3
./Data/generation/python_spanish_claude/iter_3/files/62b8b3d4eb7e40a82d2d110f.py,D100 ; W293 ; W292,Missing docstring in public module ; blank line contains whitespace ; no newline at end of file,3
./Data/generation/python_spanish_claude/iter_3/files/62b8b3d5eb7e40a82d2d1110.py,D100 ; W292,Missing docstring in public module ; no newline at end of file,2
./Data/generation/python_spanish_claude/iter_3/files/62b8b3d6eb7e40a82d2d111c.py,CCR001 ; D100 ; D400 ; E501 ; E501 ; W293 ; W293 ; W293 ; W293 ; W292,Cognitive complexity is too high (9 > 7) ; Missing docstring in public module ; First line should end with a period ; line too long (100 > 79 characters) ; line too long (107 > 79 characters) ; blank line contains whitespace ; blank line contains whitespace ; blank line contains whitespace ; blank line contains whitespace ; no newline at end of file,10
./Data/generation/python_spanish_claude/iter_3/files/62b8b416eb7e40a82d2d1129.py,D100 ; D205 ; W291 ; W292,Missing docstring in public module ; 1 blank line required between summary line and description ; trailing whitespace ; no newline at end of file,4
./Data/generation/python_spanish_claude/iter_3/files/62b8b4b9eb7e40a82d2d1134.py,D100 ; D205 ; E501 ; E501 ; W292,Missing docstring in public module ; 1 blank line required between summary line and description ; line too long (84 > 79 characters) ; line too long (84 > 79 characters) ; no newline at end of file,5
./Data/generation/python_spanish_claude/iter_3/files/62b8b4baeb7e40a82d2d1136.py,CCR001 ; D100 ; E501 ; C812 ; E501 ; C812 ; C812 ; E501 ; C812 ; E501 ; C812 ; B007 ; W293 ; W292,"Cognitive complexity is too high (20 > 7) ; Missing docstring in public module ; line too long (97 > 79 characters) ; missing trailing comma ; line too long (85 > 79 characters) ; missing trailing comma ; missing trailing comma ; line too long (93 > 79 characters) ; missing trailing comma ; line too long (88 > 79 characters) ; missing trailing comma ; Loop control variable 'category' not used within the loop body. If this is intended, start the name with an underscore. ; blank line contains whitespace ; no newline at end of file",14
./Data/generation/python_spanish_claude/iter_3/files/62b8b4baeb7e40a82d2d1137.py,CCR001 ; D100 ; D103 ; F401 ; W293 ; E501 ; W293 ; C812 ; W293 ; W292,Cognitive complexity is too high (15 > 7) ; Missing docstring in public module ; Missing docstring in public function ; 'zope.interface.verify.verifyClass' imported but unused ; blank line contains whitespace ; line too long (108 > 79 characters) ; blank line contains whitespace ; missing trailing comma ; blank line contains whitespace ; no newline at end of file,10
./Data/generation/python_spanish_claude/iter_3/files/62b8b4c1eb7e40a82d2d1139.py,CCR001 ; D100 ; D200 ; W293 ; E501 ; W293 ; E501 ; W293 ; W293 ; W293 ; W293 ; W293 ; W292,Cognitive complexity is too high (22 > 7) ; Missing docstring in public module ; One-line docstring should fit on one line with quotes ; blank line contains whitespace ; line too long (82 > 79 characters) ; blank line contains whitespace ; line too long (95 > 79 characters) ; blank line contains whitespace ; blank line contains whitespace ; blank line contains whitespace ; blank line contains whitespace ; blank line contains whitespace ; no newline at end of file,13
./Data/generation/python_spanish_claude/iter_3/files/62b8b559eb7e40a82d2d11f6.py,CCR001 ; D100 ; D200 ; E501 ; W293 ; W293 ; W293 ; W293 ; W293 ; W293 ; W292,Cognitive complexity is too high (12 > 7) ; Missing docstring in public module ; One-line docstring should fit on one line with quotes ; line too long (99 > 79 characters) ; blank line contains whitespace ; blank line contains whitespace ; blank line contains whitespace ; blank line contains whitespace ; blank line contains whitespace ; blank line contains whitespace ; no newline at end of file,11
./Data/generation/python_spanish_claude/iter_3/files/62b8b559eb7e40a82d2d11f8.py,CCR001 ; D100 ; D200 ; W293 ; W293 ; W293 ; W292,Cognitive complexity is too high (12 > 7) ; Missing docstring in public module ; One-line docstring should fit on one line with quotes ; blank line contains whitespace ; blank line contains whitespace ; blank line contains whitespace ; no newline at end of file,7
./Data/generation/python_spanish_claude/iter_3/files/62b8b58deb7e40a82d2d1269.py,D100 ; W293 ; F821 ; W293 ; W293 ; W292,Missing docstring in public module ; blank line contains whitespace ; undefined name '_empty' ; blank line contains whitespace ; blank line contains whitespace ; no newline at end of file,6
./Data/generation/python_spanish_claude/iter_3/files/62b8b590eb7e40a82d2d1275.py,CCR001 ; D100 ; W293 ; E501 ; E501 ; W293 ; W293 ; W293 ; W292,Cognitive complexity is too high (17 > 7) ; Missing docstring in public module ; blank line contains whitespace ; line too long (82 > 79 characters) ; line too long (95 > 79 characters) ; blank line contains whitespace ; blank line contains whitespace ; blank line contains whitespace ; no newline at end of file,9
./Data/generation/python_spanish_claude/iter_3/files/62b8b59feb7e40a82d2d1291.py,D100 ; D205 ; D400 ; W292,Missing docstring in public module ; 1 blank line required between summary line and description ; First line should end with a period ; no newline at end of file,4
./Data/generation/python_spanish_claude/iter_3/files/62b8b99de0d34b282c1811f8.py,D100 ; D200 ; D400 ; W293 ; W293 ; W293 ; W292,Missing docstring in public module ; One-line docstring should fit on one line with quotes ; First line should end with a period ; blank line contains whitespace ; blank line contains whitespace ; blank line contains whitespace ; no newline at end of file,7
./Data/generation/python_spanish_claude/iter_3/files/62b8bbbce0d34b282c18120d.py,D100 ; D205 ; D400 ; W291 ; W291 ; W291 ; E501 ; W291 ; W291 ; W293 ; W292,Missing docstring in public module ; 1 blank line required between summary line and description ; First line should end with a period ; trailing whitespace ; trailing whitespace ; trailing whitespace ; line too long (97 > 79 characters) ; trailing whitespace ; trailing whitespace ; blank line contains whitespace ; no newline at end of file,11
./Data/generation/python_spanish_claude/iter_3/files/62b8bbbfe0d34b282c18120f.py,D100 ; D205 ; E501 ; W292,Missing docstring in public module ; 1 blank line required between summary line and description ; line too long (100 > 79 characters) ; no newline at end of file,4
./Data/generation/python_spanish_claude/iter_3/files/62b8bbbfe0d34b282c181210.py,D100 ; D205 ; D400 ; W291 ; W291 ; W291 ; W291 ; W291 ; W291 ; W291 ; W291 ; W291 ; W291 ; E501 ; W291 ; W291 ; W293 ; W293 ; W293 ; F841 ; W292,Missing docstring in public module ; 1 blank line required between summary line and description ; First line should end with a period ; trailing whitespace ; trailing whitespace ; trailing whitespace ; trailing whitespace ; trailing whitespace ; trailing whitespace ; trailing whitespace ; trailing whitespace ; trailing whitespace ; trailing whitespace ; line too long (83 > 79 characters) ; trailing whitespace ; trailing whitespace ; blank line contains whitespace ; blank line contains whitespace ; blank line contains whitespace ; local variable 'e' is assigned to but never used ; no newline at end of file,21
./Data/generation/python_spanish_claude/iter_3/files/62b8c517e0d34b282c18122e.py,D100 ; D205 ; D400 ; W291 ; W291 ; W291 ; W291 ; W291 ; W291 ; W291 ; W291 ; W291 ; W293 ; E501 ; W293 ; W293 ; E501 ; E501 ; W293 ; W293 ; W293 ; W292,Missing docstring in public module ; 1 blank line required between summary line and description ; First line should end with a period ; trailing whitespace ; trailing whitespace ; trailing whitespace ; trailing whitespace ; trailing whitespace ; trailing whitespace ; trailing whitespace ; trailing whitespace ; trailing whitespace ; blank line contains whitespace ; line too long (86 > 79 characters) ; blank line contains whitespace ; blank line contains whitespace ; line too long (84 > 79 characters) ; line too long (101 > 79 characters) ; blank line contains whitespace ; blank line contains whitespace ; blank line contains whitespace ; no newline at end of file,22
./Data/generation/python_spanish_claude/iter_3/files/62b8d22548ba5a41d1c3f472.py,CCR001 ; D100 ; F821 ; D205 ; D400 ; E501 ; W293 ; W293 ; F821 ; F821 ; W293 ; W292,Cognitive complexity is too high (13 > 7) ; Missing docstring in public module ; undefined name 'hashkey' ; 1 blank line required between summary line and description ; First line should end with a period ; line too long (89 > 79 characters) ; blank line contains whitespace ; blank line contains whitespace ; undefined name 'nullcontext' ; undefined name 'nullcontext' ; blank line contains whitespace ; no newline at end of file,12
./Data/generation/python_spanish_claude/iter_3/files/62b8d22948ba5a41d1c3f47c.py,D100 ; D200 ; D402 ; E501 ; W292,"Missing docstring in public module ; One-line docstring should fit on one line with quotes ; First line should not be the function's ""signature"" ; line too long (102 > 79 characters) ; no newline at end of file",5
./Data/generation/python_spanish_claude/iter_3/files/62b8d22a48ba5a41d1c3f47d.py,D100 ; F821 ; D205 ; D402 ; E501 ; E501 ; F821 ; W292,"Missing docstring in public module ; undefined name '__marker' ; 1 blank line required between summary line and description ; First line should not be the function's ""signature"" ; line too long (89 > 79 characters) ; line too long (118 > 79 characters) ; undefined name '__marker' ; no newline at end of file",8
./Data/generation/python_spanish_claude/iter_3/files/62b8d22a48ba5a41d1c3f47e.py,D100 ; D200 ; D402 ; E501 ; W292,"Missing docstring in public module ; One-line docstring should fit on one line with quotes ; First line should not be the function's ""signature"" ; line too long (94 > 79 characters) ; no newline at end of file",5
./Data/generation/python_spanish_claude/iter_3/files/62b8d22f48ba5a41d1c3f488.py,D100 ; D200 ; W293 ; W293 ; W293 ; W292,Missing docstring in public module ; One-line docstring should fit on one line with quotes ; blank line contains whitespace ; blank line contains whitespace ; blank line contains whitespace ; no newline at end of file,6
./Data/generation/python_spanish_claude/iter_3/files/62b8d23748ba5a41d1c3f496.py,D100 ; CCR001 ; D103 ; E302 ; CCR001 ; W293 ; E501 ; W293 ; W293 ; W293 ; E501 ; W293 ; W293 ; W293 ; W293 ; C812 ; E501 ; W293 ; W292,"Missing docstring in public module ; Cognitive complexity is too high (9 > 7) ; Missing docstring in public function ; expected 2 blank lines, found 1 ; Cognitive complexity is too high (9 > 7) ; blank line contains whitespace ; line too long (84 > 79 characters) ; blank line contains whitespace ; blank line contains whitespace ; blank line contains whitespace ; line too long (82 > 79 characters) ; blank line contains whitespace ; blank line contains whitespace ; blank line contains whitespace ; blank line contains whitespace ; missing trailing comma ; line too long (91 > 79 characters) ; blank line contains whitespace ; no newline at end of file",19
./Data/generation/python_spanish_claude/iter_3/files/62b8d23748ba5a41d1c3f497.py,D100 ; D200 ; E501 ; W293 ; W293 ; W293 ; W293 ; W293 ; W293 ; W292,Missing docstring in public module ; One-line docstring should fit on one line with quotes ; line too long (82 > 79 characters) ; blank line contains whitespace ; blank line contains whitespace ; blank line contains whitespace ; blank line contains whitespace ; blank line contains whitespace ; blank line contains whitespace ; no newline at end of file,10
./Data/generation/python_spanish_claude/iter_3/files/62b8d23948ba5a41d1c3f498.py,CCR001 ; D100 ; D103 ; CCR001 ; W293 ; W293 ; W293 ; W293 ; W293 ; W293 ; W293 ; C812 ; W293 ; W293 ; W292,Cognitive complexity is too high (9 > 7) ; Missing docstring in public module ; Missing docstring in public function ; Cognitive complexity is too high (9 > 7) ; blank line contains whitespace ; blank line contains whitespace ; blank line contains whitespace ; blank line contains whitespace ; blank line contains whitespace ; blank line contains whitespace ; blank line contains whitespace ; missing trailing comma ; blank line contains whitespace ; blank line contains whitespace ; no newline at end of file,15
./Data/generation/python_spanish_claude/iter_3/files/62b8d23a48ba5a41d1c3f499.py,D100 ; D200 ; W293 ; W293 ; W293 ; W293 ; W293 ; W292,Missing docstring in public module ; One-line docstring should fit on one line with quotes ; blank line contains whitespace ; blank line contains whitespace ; blank line contains whitespace ; blank line contains whitespace ; blank line contains whitespace ; no newline at end of file,8
./Data/generation/python_spanish_claude/iter_3/files/62b8d23b48ba5a41d1c3f49a.py,CCR001 ; D100 ; D205 ; D400 ; E501 ; W291 ; CCR001 ; W293 ; W293 ; W293 ; W293 ; E501 ; W293 ; W293 ; C812 ; W293 ; W292,Cognitive complexity is too high (11 > 7) ; Missing docstring in public module ; 1 blank line required between summary line and description ; First line should end with a period ; line too long (103 > 79 characters) ; trailing whitespace ; Cognitive complexity is too high (8 > 7) ; blank line contains whitespace ; blank line contains whitespace ; blank line contains whitespace ; blank line contains whitespace ; line too long (86 > 79 characters) ; blank line contains whitespace ; blank line contains whitespace ; missing trailing comma ; blank line contains whitespace ; no newline at end of file,17
./Data/generation/python_spanish_claude/iter_3/files/62b8d23c48ba5a41d1c3f49b.py,D100 ; D200 ; W293 ; W293 ; W293 ; W293 ; W292,Missing docstring in public module ; One-line docstring should fit on one line with quotes ; blank line contains whitespace ; blank line contains whitespace ; blank line contains whitespace ; blank line contains whitespace ; no newline at end of file,7
./Data/generation/python_spanish_claude/iter_3/files/62b8d23e48ba5a41d1c3f49e.py,D100 ; D200 ; D400 ; E501 ; W293 ; W293 ; W292,Missing docstring in public module ; One-line docstring should fit on one line with quotes ; First line should end with a period ; line too long (96 > 79 characters) ; blank line contains whitespace ; blank line contains whitespace ; no newline at end of file,7
./Data/generation/python_spanish_claude/iter_3/files/62b8d24048ba5a41d1c3f49f.py,D100 ; CCR001 ; D103 ; E302 ; CCR001 ; W293 ; CCR001 ; W293 ; W293 ; B007 ; W293 ; W293 ; W293 ; W293 ; W293 ; W293 ; W293 ; W292,"Missing docstring in public module ; Cognitive complexity is too high (21 > 7) ; Missing docstring in public function ; expected 2 blank lines, found 1 ; Cognitive complexity is too high (21 > 7) ; blank line contains whitespace ; Cognitive complexity is too high (12 > 7) ; blank line contains whitespace ; blank line contains whitespace ; Loop control variable 'val' not used within the loop body. If this is intended, start the name with an underscore. ; blank line contains whitespace ; blank line contains whitespace ; blank line contains whitespace ; blank line contains whitespace ; blank line contains whitespace ; blank line contains whitespace ; blank line contains whitespace ; no newline at end of file",18
./Data/generation/python_spanish_claude/iter_3/files/62b8d27a48ba5a41d1c3f4c6.py,CCR001 ; D100 ; F821 ; D205 ; D400 ; W291 ; W293 ; W293 ; W293 ; W293 ; W292,Cognitive complexity is too high (11 > 7) ; Missing docstring in public module ; undefined name 'hashkey' ; 1 blank line required between summary line and description ; First line should end with a period ; trailing whitespace ; blank line contains whitespace ; blank line contains whitespace ; blank line contains whitespace ; blank line contains whitespace ; no newline at end of file,11
./Data/generation/python_spanish_claude/iter_3/files/62e4fb4d85ea9864308902e7.py,D100 ; D205 ; D400 ; W291 ; W291 ; W291 ; W293 ; E501 ; W293 ; W293 ; W293 ; W293 ; W293 ; W293 ; W293 ; W292,Missing docstring in public module ; 1 blank line required between summary line and description ; First line should end with a period ; trailing whitespace ; trailing whitespace ; trailing whitespace ; blank line contains whitespace ; line too long (96 > 79 characters) ; blank line contains whitespace ; blank line contains whitespace ; blank line contains whitespace ; blank line contains whitespace ; blank line contains whitespace ; blank line contains whitespace ; blank line contains whitespace ; no newline at end of file,16
./Data/generation/python_spanish_claude/iter_3/files/62e4fb6585ea98643089032b.py,D100 ; D200 ; D400 ; W292,Missing docstring in public module ; One-line docstring should fit on one line with quotes ; First line should end with a period ; no newline at end of file,4
./Data/generation/python_spanish_claude/iter_3/files/62e4fbda85ea986430890403.py,D100 ; F821 ; D200 ; D400 ; W292,Missing docstring in public module ; undefined name 'Sequence' ; One-line docstring should fit on one line with quotes ; First line should end with a period ; no newline at end of file,5
./Data/generation/python_spanish_claude/iter_3/files/62e4fbda85ea986430890405.py,D100 ; CCR001 ; D103 ; E302 ; B008 ; F821 ; W293 ; W293 ; W293 ; W293 ; CCR001 ; W293 ; C815 ; C815 ; W293 ; W293 ; W293 ; W292,"Missing docstring in public module ; Cognitive complexity is too high (32 > 7) ; Missing docstring in public function ; expected 2 blank lines, found 1 ; Do not perform function calls in argument defaults.  The call is performed only once at function definition time. All calls to your function will reuse the result of that definition-time function call.  If this is intended, assign the function call to a module-level variable and use that variable as a default value. ; undefined name '_get_platform_max_length' ; blank line contains whitespace ; blank line contains whitespace ; blank line contains whitespace ; blank line contains whitespace ; Cognitive complexity is too high (11 > 7) ; blank line contains whitespace ; missing trailing comma in Python 3.5+ ; missing trailing comma in Python 3.5+ ; blank line contains whitespace ; blank line contains whitespace ; blank line contains whitespace ; no newline at end of file",18
./Data/generation/python_spanish_claude/iter_3/files/62e4fc3c85ea98643089041e.py,D100 ; W293 ; W293 ; W292,Missing docstring in public module ; blank line contains whitespace ; blank line contains whitespace ; no newline at end of file,4
./Data/generation/python_spanish_claude/iter_3/files/62e5dc9ed76274f8a4026b5b.py,D100 ; D103 ; C812 ; W292,Missing docstring in public module ; Missing docstring in public function ; missing trailing comma ; no newline at end of file,4
./Data/generation/python_spanish_claude/iter_3/files/62e60707d76274f8a4026b69.py,D100 ; D200 ; W293 ; W292,Missing docstring in public module ; One-line docstring should fit on one line with quotes ; blank line contains whitespace ; no newline at end of file,4
./Data/generation/python_spanish_claude/iter_3/files/62e60723d76274f8a4026b75.py,D100 ; D205 ; D401 ; E501 ; W293 ; W293 ; W293 ; W292,Missing docstring in public module ; 1 blank line required between summary line and description ; First line should be in imperative mood ; line too long (88 > 79 characters) ; blank line contains whitespace ; blank line contains whitespace ; blank line contains whitespace ; no newline at end of file,8
./Data/generation/python_spanish_claude/iter_3/files/62e60723d76274f8a4026b76.py,D100 ; W291 ; W293 ; W293 ; W291 ; E128 ; W291 ; E128 ; E128 ; W291 ; E128 ; W292,Missing docstring in public module ; trailing whitespace ; blank line contains whitespace ; blank line contains whitespace ; trailing whitespace ; continuation line under-indented for visual indent ; trailing whitespace ; continuation line under-indented for visual indent ; continuation line under-indented for visual indent ; trailing whitespace ; continuation line under-indented for visual indent ; no newline at end of file,12
./Data/generation/python_spanish_claude/iter_3/files/62e60873d76274f8a4026bd8.py,D100 ; D103 ; F821 ; F821 ; F821 ; F821 ; F821 ; F821 ; F821 ; C812 ; W293 ; W292,Missing docstring in public module ; Missing docstring in public function ; undefined name 'BoltProtocolV3' ; undefined name 'BoltProtocolV4' ; undefined name 'BoltProtocolV4_1' ; undefined name 'BoltProtocolV4_2' ; undefined name 'BoltProtocolV4_3' ; undefined name 'BoltProtocolV4_4' ; undefined name 'BoltProtocolV5' ; missing trailing comma ; blank line contains whitespace ; no newline at end of file,12
./Data/generation/python_spanish_claude/iter_3/files/62e60879d76274f8a4026bec.py,CCR001 ; D100 ; D103 ; W293 ; W293 ; W293 ; W293 ; W293 ; W293 ; W293 ; W293 ; W293 ; W293 ; W293 ; W293 ; F821 ; W293 ; W293 ; W292,Cognitive complexity is too high (10 > 7) ; Missing docstring in public module ; Missing docstring in public function ; blank line contains whitespace ; blank line contains whitespace ; blank line contains whitespace ; blank line contains whitespace ; blank line contains whitespace ; blank line contains whitespace ; blank line contains whitespace ; blank line contains whitespace ; blank line contains whitespace ; blank line contains whitespace ; blank line contains whitespace ; blank line contains whitespace ; undefined name 'Response' ; blank line contains whitespace ; blank line contains whitespace ; no newline at end of file,19
./Data/generation/python_spanish_claude/iter_3/files/62e6087ad76274f8a4026bf2.py,CCR001 ; D100 ; E501 ; E501 ; E501 ; E501 ; W293 ; C812 ; W293 ; W293 ; W293 ; F821 ; C815 ; W293 ; W292,Cognitive complexity is too high (8 > 7) ; Missing docstring in public module ; line too long (90 > 79 characters) ; line too long (81 > 79 characters) ; line too long (137 > 79 characters) ; line too long (80 > 79 characters) ; blank line contains whitespace ; missing trailing comma ; blank line contains whitespace ; blank line contains whitespace ; blank line contains whitespace ; undefined name 'Response' ; missing trailing comma in Python 3.5+ ; blank line contains whitespace ; no newline at end of file,15
./Data/generation/python_spanish_claude/iter_3/files/62e6087bd76274f8a4026bfa.py,D100 ; D103 ; W292,Missing docstring in public module ; Missing docstring in public function ; no newline at end of file,3
./Data/generation/python_spanish_claude/iter_3/files/62e60b10d76274f8a4026ccd.py,CCR001 ; D100 ; D103 ; W293 ; W293 ; W293 ; W293 ; W292,Cognitive complexity is too high (9 > 7) ; Missing docstring in public module ; Missing docstring in public function ; blank line contains whitespace ; blank line contains whitespace ; blank line contains whitespace ; blank line contains whitespace ; no newline at end of file,8
./Data/generation/python_spanish_claude/iter_3/files/62e60da4d76274f8a4026cf1.py,D100 ; E501 ; E501 ; W291 ; W291 ; W293 ; W293 ; W292,Missing docstring in public module ; line too long (116 > 79 characters) ; line too long (115 > 79 characters) ; trailing whitespace ; trailing whitespace ; blank line contains whitespace ; blank line contains whitespace ; no newline at end of file,8
./Data/generation/python_spanish_claude/iter_3/files/62e60e05d76274f8a4026cfd.py,D100 ; W291 ; W291 ; W292,Missing docstring in public module ; trailing whitespace ; trailing whitespace ; no newline at end of file,4
./Data/generation/python_spanish_claude/iter_3/files/62e60e3bd76274f8a4026d1a.py,D100 ; E501 ; E501 ; W293 ; W292,Missing docstring in public module ; line too long (113 > 79 characters) ; line too long (86 > 79 characters) ; blank line contains whitespace ; no newline at end of file,5
./Data/generation/python_spanish_claude/iter_3/files/62e60e49d76274f8a4026d25.py,CCR001 ; D100 ; D103 ; CCR001 ; CCR001 ; W293 ; W293 ; W293 ; W293 ; W293 ; W292,Cognitive complexity is too high (12 > 7) ; Missing docstring in public module ; Missing docstring in public function ; Cognitive complexity is too high (12 > 7) ; Cognitive complexity is too high (12 > 7) ; blank line contains whitespace ; blank line contains whitespace ; blank line contains whitespace ; blank line contains whitespace ; blank line contains whitespace ; no newline at end of file,11
./Data/generation/python_spanish_claude/iter_3/files/62e60ecfd76274f8a4026d6a.py,D100 ; D103 ; F821 ; F821 ; F821 ; F821 ; F821 ; F821 ; F821 ; C812 ; W293 ; W292,Missing docstring in public module ; Missing docstring in public function ; undefined name 'BoltProtocolV3Handler' ; undefined name 'BoltProtocolV4Handler' ; undefined name 'BoltProtocolV41Handler' ; undefined name 'BoltProtocolV42Handler' ; undefined name 'BoltProtocolV43Handler' ; undefined name 'BoltProtocolV44Handler' ; undefined name 'BoltProtocolV5Handler' ; missing trailing comma ; blank line contains whitespace ; no newline at end of file,12
./Data/generation/python_spanish_claude/iter_3/files/62e60ed4d76274f8a4026da0.py,D100 ; W292,Missing docstring in public module ; no newline at end of file,2
./Data/generation/python_spanish_claude/iter_3/files/62e60f33d76274f8a4026de9.py,D100 ; W293 ; C812 ; W292,Missing docstring in public module ; blank line contains whitespace ; missing trailing comma ; no newline at end of file,4
./Data/generation/python_spanish_claude/iter_3/files/62e60f37d76274f8a4026dfd.py,D100 ; W291 ; W291 ; W291 ; W293 ; W292,Missing docstring in public module ; trailing whitespace ; trailing whitespace ; trailing whitespace ; blank line contains whitespace ; no newline at end of file,6
./Data/generation/python_spanish_claude/iter_3/files/62e60f3bd76274f8a4026e10.py,D100 ; W291 ; W291 ; W291 ; W293 ; W293 ; W292,Missing docstring in public module ; trailing whitespace ; trailing whitespace ; trailing whitespace ; blank line contains whitespace ; blank line contains whitespace ; no newline at end of file,7
./Data/generation/python_spanish_claude/iter_3/files/62e60f43d76274f8a4026e28.py,D100 ; W291 ; W293 ; W291 ; E128 ; E128 ; E128 ; E128 ; E128 ; W291 ; E128 ; E128 ; W292,Missing docstring in public module ; trailing whitespace ; blank line contains whitespace ; trailing whitespace ; continuation line under-indented for visual indent ; continuation line under-indented for visual indent ; continuation line under-indented for visual indent ; continuation line under-indented for visual indent ; continuation line under-indented for visual indent ; trailing whitespace ; continuation line under-indented for visual indent ; continuation line under-indented for visual indent ; no newline at end of file,13
./Data/generation/python_spanish_claude/iter_3/files/62ece4982e6aefcf4aabbd5f.py,D100 ; E501 ; W293 ; W292,Missing docstring in public module ; line too long (84 > 79 characters) ; blank line contains whitespace ; no newline at end of file,4
./Data/generation/python_spanish_claude/iter_3/files/62ece4982e6aefcf4aabbd60.py,D100 ; E501 ; E501 ; W292,Missing docstring in public module ; line too long (115 > 79 characters) ; line too long (102 > 79 characters) ; no newline at end of file,4
./Data/generation/python_spanish_claude/iter_3/files/62ece4982e6aefcf4aabbd61.py,D100 ; W292,Missing docstring in public module ; no newline at end of file,2
./Data/generation/python_spanish_claude/iter_3/files/62ece4982e6aefcf4aabbd62.py,D100 ; D200 ; E501 ; W293 ; W293 ; W292,Missing docstring in public module ; One-line docstring should fit on one line with quotes ; line too long (83 > 79 characters) ; blank line contains whitespace ; blank line contains whitespace ; no newline at end of file,6
./Data/generation/python_spanish_claude/iter_3/files/62ece4982e6aefcf4aabbd63.py,D100 ; D200 ; W292,Missing docstring in public module ; One-line docstring should fit on one line with quotes ; no newline at end of file,3
./Data/generation/python_spanish_claude/iter_3/files/62ece4982e6aefcf4aabbd64.py,D100 ; D200 ; W293 ; W293 ; W292,Missing docstring in public module ; One-line docstring should fit on one line with quotes ; blank line contains whitespace ; blank line contains whitespace ; no newline at end of file,5
./Data/generation/python_spanish_claude/iter_3/files/62ece4982e6aefcf4aabbd65.py,D100 ; D200 ; E501 ; W293 ; W292,Missing docstring in public module ; One-line docstring should fit on one line with quotes ; line too long (125 > 79 characters) ; blank line contains whitespace ; no newline at end of file,5
./Data/generation/python_spanish_claude/iter_3/files/62ece4982e6aefcf4aabbd66.py,D100 ; W293 ; W293 ; W293 ; W292,Missing docstring in public module ; blank line contains whitespace ; blank line contains whitespace ; blank line contains whitespace ; no newline at end of file,5
./Data/generation/python_spanish_claude/iter_3/files/62ece4982e6aefcf4aabbd67.py,D100 ; E501 ; W293 ; W293 ; W293 ; W292,Missing docstring in public module ; line too long (120 > 79 characters) ; blank line contains whitespace ; blank line contains whitespace ; blank line contains whitespace ; no newline at end of file,6
./Data/generation/python_spanish_claude/iter_3/files/62ece4982e6aefcf4aabbd68.py,D100 ; D103 ; F821 ; F821 ; E501 ; W293 ; W293 ; W293 ; W293 ; W293 ; W292,Missing docstring in public module ; Missing docstring in public function ; undefined name 'List' ; undefined name 'Optional' ; line too long (90 > 79 characters) ; blank line contains whitespace ; blank line contains whitespace ; blank line contains whitespace ; blank line contains whitespace ; blank line contains whitespace ; no newline at end of file,11
./Data/generation/python_spanish_claude/iter_3/files/62ece4982e6aefcf4aabbd69.py,CCR001 ; D100 ; D400 ; E501 ; W291 ; W291 ; W291 ; B007 ; W292,"Cognitive complexity is too high (11 > 7) ; Missing docstring in public module ; First line should end with a period ; line too long (126 > 79 characters) ; trailing whitespace ; trailing whitespace ; trailing whitespace ; Loop control variable 'i' not used within the loop body. If this is intended, start the name with an underscore. ; no newline at end of file",9
./Data/generation/python_spanish_claude/iter_3/files/62ece4982e6aefcf4aabbd6a.py,D100 ; D200 ; E501 ; W292,Missing docstring in public module ; One-line docstring should fit on one line with quotes ; line too long (88 > 79 characters) ; no newline at end of file,4
./Data/generation/python_spanish_claude/iter_3/files/62ece4982e6aefcf4aabbd6b.py,D100 ; D200 ; W292,Missing docstring in public module ; One-line docstring should fit on one line with quotes ; no newline at end of file,3
./Data/generation/python_spanish_claude/iter_3/files/62ece4982e6aefcf4aabbd6d.py,D100 ; F821 ; D400 ; W291 ; W293 ; W293 ; E501 ; W293 ; W292,Missing docstring in public module ; undefined name 'List' ; First line should end with a period ; trailing whitespace ; blank line contains whitespace ; blank line contains whitespace ; line too long (87 > 79 characters) ; blank line contains whitespace ; no newline at end of file,9
./Data/generation/python_spanish_claude/iter_3/files/62ece4982e6aefcf4aabbd6f.py,D100 ; D103 ; F821 ; F821 ; W293 ; W293 ; W293 ; W292,Missing docstring in public module ; Missing docstring in public function ; undefined name 'Path' ; undefined name 'Path' ; blank line contains whitespace ; blank line contains whitespace ; blank line contains whitespace ; no newline at end of file,8
./Data/generation/python_spanish_claude/iter_3/files/62ece4982e6aefcf4aabbd70.py,D100 ; D400 ; W292,Missing docstring in public module ; First line should end with a period ; no newline at end of file,3
./Data/generation/python_spanish_claude/iter_3/files/62ece4982e6aefcf4aabbd71.py,D100 ; E501 ; W293 ; W293 ; W293 ; W292,Missing docstring in public module ; line too long (177 > 79 characters) ; blank line contains whitespace ; blank line contains whitespace ; blank line contains whitespace ; no newline at end of file,6
./Data/generation/python_spanish_claude/iter_3/files/62ece4982e6aefcf4aabbd72.py,D100 ; D200 ; W292,Missing docstring in public module ; One-line docstring should fit on one line with quotes ; no newline at end of file,3
./Data/generation/python_spanish_claude/iter_3/files/62ece4982e6aefcf4aabbd73.py,CCR001 ; D100 ; D103 ; F401 ; W293 ; W291 ; W293 ; W293 ; W293 ; W292,Cognitive complexity is too high (11 > 7) ; Missing docstring in public module ; Missing docstring in public function ; 'sys' imported but unused ; blank line contains whitespace ; trailing whitespace ; blank line contains whitespace ; blank line contains whitespace ; blank line contains whitespace ; no newline at end of file,10
./Data/generation/python_spanish_claude/iter_3/files/62ece4982e6aefcf4aabbd74.py,D100 ; D103 ; F821 ; F821 ; F821 ; W293 ; W293 ; W293 ; W293 ; W292,Missing docstring in public module ; Missing docstring in public function ; undefined name 'Optional' ; undefined name 'Union' ; undefined name 'PosixPath' ; blank line contains whitespace ; blank line contains whitespace ; blank line contains whitespace ; blank line contains whitespace ; no newline at end of file,10
./Data/generation/python_spanish_claude/iter_3/files/62ece4982e6aefcf4aabbd75.py,D100 ; D103 ; W293 ; E501 ; W293 ; W293 ; W293 ; W293 ; W293 ; W292,Missing docstring in public module ; Missing docstring in public function ; blank line contains whitespace ; line too long (123 > 79 characters) ; blank line contains whitespace ; blank line contains whitespace ; blank line contains whitespace ; blank line contains whitespace ; blank line contains whitespace ; no newline at end of file,10
./Data/generation/python_spanish_claude/iter_3/files/62ece4982e6aefcf4aabbd76.py,D100 ; D400 ; W293 ; W293 ; W292,Missing docstring in public module ; First line should end with a period ; blank line contains whitespace ; blank line contains whitespace ; no newline at end of file,5
./Data/generation/python_spanish_claude/iter_3/files/62ece4982e6aefcf4aabbd77.py,D100 ; D103 ; W293 ; W293 ; W293 ; W293 ; W291 ; C812 ; W293 ; W293 ; W293 ; W292,Missing docstring in public module ; Missing docstring in public function ; blank line contains whitespace ; blank line contains whitespace ; blank line contains whitespace ; blank line contains whitespace ; trailing whitespace ; missing trailing comma ; blank line contains whitespace ; blank line contains whitespace ; blank line contains whitespace ; no newline at end of file,12
./Data/generation/python_spanish_claude/iter_3/files/62ece4992e6aefcf4aabbd78.py,D100 ; W292,Missing docstring in public module ; no newline at end of file,2
./Data/generation/python_spanish_claude/iter_3/files/62ece4992e6aefcf4aabbd79.py,D100 ; D103 ; W293 ; W293 ; E501 ; W293 ; W292,Missing docstring in public module ; Missing docstring in public function ; blank line contains whitespace ; blank line contains whitespace ; line too long (83 > 79 characters) ; blank line contains whitespace ; no newline at end of file,7
./Data/generation/python_spanish_claude/iter_3/files/62ece4992e6aefcf4aabbd7a.py,D100 ; D400 ; W292,Missing docstring in public module ; First line should end with a period ; no newline at end of file,3
./Data/generation/python_spanish_claude/iter_3/files/62ece4992e6aefcf4aabbd7b.py,D100 ; E501 ; D205 ; D400 ; E501 ; W291 ; E501 ; E501 ; W293 ; W292,Missing docstring in public module ; line too long (87 > 79 characters) ; 1 blank line required between summary line and description ; First line should end with a period ; line too long (130 > 79 characters) ; trailing whitespace ; line too long (157 > 79 characters) ; line too long (105 > 79 characters) ; blank line contains whitespace ; no newline at end of file,10
./Data/generation/python_spanish_claude/iter_3/files/62ece4992e6aefcf4aabbd7c.py,D100 ; D205 ; D400 ; W291 ; E501 ; W293 ; W292,Missing docstring in public module ; 1 blank line required between summary line and description ; First line should end with a period ; trailing whitespace ; line too long (88 > 79 characters) ; blank line contains whitespace ; no newline at end of file,7
./Data/generation/python_spanish_claude/iter_3/files/62ece4992e6aefcf4aabbd7d.py,D100 ; D103 ; F401 ; W293 ; C812 ; W292,Missing docstring in public module ; Missing docstring in public function ; 'importlib.util' imported but unused ; blank line contains whitespace ; missing trailing comma ; no newline at end of file,6
./Data/generation/python_spanish_claude/iter_3/files/62ece4992e6aefcf4aabbd7e.py,D100 ; F821 ; W293 ; W293 ; W293 ; E501 ; W292,Missing docstring in public module ; undefined name 'os' ; blank line contains whitespace ; blank line contains whitespace ; blank line contains whitespace ; line too long (94 > 79 characters) ; no newline at end of file,7
./Data/generation/python_spanish_claude/iter_3/files/62ece4992e6aefcf4aabbd7f.py,D100 ; F821 ; E501 ; W293 ; W293 ; W293 ; W293 ; W293 ; W293 ; W293 ; W293 ; W293 ; W292,Missing docstring in public module ; undefined name 'Tuple' ; line too long (88 > 79 characters) ; blank line contains whitespace ; blank line contains whitespace ; blank line contains whitespace ; blank line contains whitespace ; blank line contains whitespace ; blank line contains whitespace ; blank line contains whitespace ; blank line contains whitespace ; blank line contains whitespace ; no newline at end of file,13
./Data/generation/python_spanish_claude/iter_3/files/62ece4992e6aefcf4aabbd80.py,CCR001 ; D100 ; E501 ; E501 ; E501 ; W293 ; W293 ; E501 ; W293 ; W293 ; W292,Cognitive complexity is too high (8 > 7) ; Missing docstring in public module ; line too long (113 > 79 characters) ; line too long (90 > 79 characters) ; line too long (90 > 79 characters) ; blank line contains whitespace ; blank line contains whitespace ; line too long (80 > 79 characters) ; blank line contains whitespace ; blank line contains whitespace ; no newline at end of file,11
./Data/generation/python_spanish_claude/iter_3/files/62ece4992e6aefcf4aabbd82.py,D100 ; D200 ; W293 ; W293 ; W292,Missing docstring in public module ; One-line docstring should fit on one line with quotes ; blank line contains whitespace ; blank line contains whitespace ; no newline at end of file,5
./Data/generation/python_spanish_claude/iter_3/files/62ece4992e6aefcf4aabbd83.py,CCR001 ; D100 ; E501 ; D200 ; W293 ; W293 ; W293 ; W293 ; W293 ; W292,Cognitive complexity is too high (16 > 7) ; Missing docstring in public module ; line too long (86 > 79 characters) ; One-line docstring should fit on one line with quotes ; blank line contains whitespace ; blank line contains whitespace ; blank line contains whitespace ; blank line contains whitespace ; blank line contains whitespace ; no newline at end of file,10
./Data/generation/python_spanish_claude/iter_3/files/62ece4992e6aefcf4aabbd84.py,CCR001 ; D100 ; D200 ; D400 ; W293 ; W293 ; W293 ; W293 ; W293 ; W293 ; W292,Cognitive complexity is too high (10 > 7) ; Missing docstring in public module ; One-line docstring should fit on one line with quotes ; First line should end with a period ; blank line contains whitespace ; blank line contains whitespace ; blank line contains whitespace ; blank line contains whitespace ; blank line contains whitespace ; blank line contains whitespace ; no newline at end of file,11
./Data/generation/python_spanish_claude/iter_3/files/62ece4992e6aefcf4aabbd85.py,D100 ; D103 ; F821 ; F821 ; F821 ; F821 ; F821 ; C812 ; F821 ; F821 ; W293 ; W293 ; W293 ; W293 ; W293 ; W292,Missing docstring in public module ; Missing docstring in public function ; undefined name 'Graph' ; undefined name 'URIRef' ; undefined name 'Optional' ; undefined name 'Set' ; undefined name 'Node' ; missing trailing comma ; undefined name 'Set' ; undefined name 'Node' ; blank line contains whitespace ; blank line contains whitespace ; blank line contains whitespace ; blank line contains whitespace ; blank line contains whitespace ; no newline at end of file,16
./Data/generation/python_spanish_claude/iter_3/files/62ece4992e6aefcf4aabbd86.py,D100 ; D200 ; D400 ; W292,Missing docstring in public module ; One-line docstring should fit on one line with quotes ; First line should end with a period ; no newline at end of file,4
./Data/generation/python_spanish_claude/iter_3/files/62ece4992e6aefcf4aabbd87.py,D100 ; E501 ; W293 ; W293 ; W293 ; W293 ; E501 ; W293 ; W293 ; W293 ; W292,Missing docstring in public module ; line too long (87 > 79 characters) ; blank line contains whitespace ; blank line contains whitespace ; blank line contains whitespace ; blank line contains whitespace ; line too long (89 > 79 characters) ; blank line contains whitespace ; blank line contains whitespace ; blank line contains whitespace ; no newline at end of file,11
./Data/generation/python_spanish_claude/iter_3/files/62ece4992e6aefcf4aabbd88.py,D100 ; B008 ; F821 ; E501 ; F821 ; W292,"Missing docstring in public module ; Do not perform function calls in argument defaults.  The call is performed only once at function definition time. All calls to your function will reuse the result of that definition-time function call.  If this is intended, assign the function call to a module-level variable and use that variable as a default value. ; undefined name 'np' ; line too long (85 > 79 characters) ; undefined name 'np' ; no newline at end of file",6
./Data/generation/python_spanish_claude/iter_3/files/62ece4992e6aefcf4aabbd89.py,D100 ; D200 ; W293 ; W293 ; W292,Missing docstring in public module ; One-line docstring should fit on one line with quotes ; blank line contains whitespace ; blank line contains whitespace ; no newline at end of file,5
./Data/generation/python_spanish_claude/iter_3/files/62ece4992e6aefcf4aabbd8a.py,CCR001 ; D100 ; D200 ; E501 ; E501 ; W293 ; E501 ; E501 ; W293 ; C812 ; W293 ; C812 ; W293 ; E501 ; C812 ; W293 ; E501 ; C812 ; W292,Cognitive complexity is too high (40 > 7) ; Missing docstring in public module ; One-line docstring should fit on one line with quotes ; line too long (554 > 79 characters) ; line too long (84 > 79 characters) ; blank line contains whitespace ; line too long (98 > 79 characters) ; line too long (85 > 79 characters) ; blank line contains whitespace ; missing trailing comma ; blank line contains whitespace ; missing trailing comma ; blank line contains whitespace ; line too long (80 > 79 characters) ; missing trailing comma ; blank line contains whitespace ; line too long (94 > 79 characters) ; missing trailing comma ; no newline at end of file,19
./Data/generation/python_spanish_claude/iter_3/files/62ece4992e6aefcf4aabbd8b.py,D100 ; D200 ; E501 ; W292,Missing docstring in public module ; One-line docstring should fit on one line with quotes ; line too long (125 > 79 characters) ; no newline at end of file,4
./Data/generation/python_spanish_claude/iter_3/files/6305f9991d275c6667163c50.py,D100 ; W292,Missing docstring in public module ; no newline at end of file,2
./Data/generation/python_spanish_claude/iter_3/files/6306091073426c38ae68acac.py,D100 ; D103 ; W293 ; W293 ; W293 ; W292,Missing docstring in public module ; Missing docstring in public function ; blank line contains whitespace ; blank line contains whitespace ; blank line contains whitespace ; no newline at end of file,6
./Data/generation/python_spanish_claude/iter_3/files/6306091a73426c38ae68acc8.py,D100 ; D400 ; W293 ; W293 ; W292,Missing docstring in public module ; First line should end with a period ; blank line contains whitespace ; blank line contains whitespace ; no newline at end of file,5
./Data/generation/python_spanish_claude/iter_3/files/6306091b73426c38ae68acd7.py,D100 ; D200 ; W292,Missing docstring in public module ; One-line docstring should fit on one line with quotes ; no newline at end of file,3
./Data/generation/python_spanish_claude/iter_3/files/6306091b73426c38ae68acd9.py,D100 ; D200 ; W292,Missing docstring in public module ; One-line docstring should fit on one line with quotes ; no newline at end of file,3
./Data/generation/python_spanish_claude/iter_3/files/6306091b73426c38ae68acda.py,D100 ; D200 ; W293 ; W292,Missing docstring in public module ; One-line docstring should fit on one line with quotes ; blank line contains whitespace ; no newline at end of file,4
./Data/generation/python_spanish_claude/iter_3/files/6306091c73426c38ae68acdc.py,D100 ; E501 ; F821 ; E501 ; W293 ; F821 ; E501 ; W293 ; F821 ; E501 ; W293 ; F821 ; W293 ; F821 ; W293 ; W292,Missing docstring in public module ; line too long (86 > 79 characters) ; undefined name 'IRValidatorException' ; line too long (88 > 79 characters) ; blank line contains whitespace ; undefined name 'IRValidatorException' ; line too long (101 > 79 characters) ; blank line contains whitespace ; undefined name 'IRValidatorException' ; line too long (84 > 79 characters) ; blank line contains whitespace ; undefined name 'IRValidatorException' ; blank line contains whitespace ; undefined name 'IRValidatorException' ; blank line contains whitespace ; no newline at end of file,16
./Data/generation/python_spanish_claude/iter_3/files/6306091c73426c38ae68acdd.py,D100 ; W291 ; W293 ; W293 ; W293 ; E501 ; W293 ; E501 ; W293 ; E501 ; W293 ; E501 ; W293 ; W293 ; E501 ; D101 ; E302 ; W292,"Missing docstring in public module ; trailing whitespace ; blank line contains whitespace ; blank line contains whitespace ; blank line contains whitespace ; line too long (86 > 79 characters) ; blank line contains whitespace ; line too long (89 > 79 characters) ; blank line contains whitespace ; line too long (82 > 79 characters) ; blank line contains whitespace ; line too long (111 > 79 characters) ; blank line contains whitespace ; blank line contains whitespace ; line too long (81 > 79 characters) ; Missing docstring in public class ; expected 2 blank lines, found 1 ; no newline at end of file",18
./Data/generation/python_spanish_claude/iter_3/files/6306091d73426c38ae68ace5.py,CCR001 ; D100 ; D200 ; E501 ; W293 ; W293 ; W292,Cognitive complexity is too high (13 > 7) ; Missing docstring in public module ; One-line docstring should fit on one line with quotes ; line too long (89 > 79 characters) ; blank line contains whitespace ; blank line contains whitespace ; no newline at end of file,7
./Data/generation/python_spanish_claude/iter_3/files/6306092373426c38ae68acfa.py,CCR001 ; D100 ; D200 ; D401 ; E501 ; W293 ; W293 ; W293 ; F821 ; W293 ; W292,Cognitive complexity is too high (22 > 7) ; Missing docstring in public module ; One-line docstring should fit on one line with quotes ; First line should be in imperative mood ; line too long (83 > 79 characters) ; blank line contains whitespace ; blank line contains whitespace ; blank line contains whitespace ; undefined name 'os' ; blank line contains whitespace ; no newline at end of file,11
./Data/generation/python_spanish_claude/iter_3/files/6306092973426c38ae68ad01.py,D100 ; D200 ; C812 ; W292,Missing docstring in public module ; One-line docstring should fit on one line with quotes ; missing trailing comma ; no newline at end of file,4
./Data/generation/python_spanish_claude/iter_3/files/6306092c73426c38ae68ad02.py,CCR001 ; D100 ; E501 ; E501 ; C812 ; E501 ; W291 ; E501 ; W292,Cognitive complexity is too high (8 > 7) ; Missing docstring in public module ; line too long (92 > 79 characters) ; line too long (82 > 79 characters) ; missing trailing comma ; line too long (83 > 79 characters) ; trailing whitespace ; line too long (100 > 79 characters) ; no newline at end of file,9
./Data/generation/python_spanish_claude/iter_3/files/6306092d73426c38ae68ad04.py,D100 ; W293 ; W293 ; W293 ; W293 ; W293 ; C812 ; W293 ; W293 ; W292,Missing docstring in public module ; blank line contains whitespace ; blank line contains whitespace ; blank line contains whitespace ; blank line contains whitespace ; blank line contains whitespace ; missing trailing comma ; blank line contains whitespace ; blank line contains whitespace ; no newline at end of file,10
./Data/generation/python_spanish_claude/iter_3/files/6306092d73426c38ae68ad05.py,D100 ; D200 ; W293 ; W293 ; E501 ; W293 ; W292,Missing docstring in public module ; One-line docstring should fit on one line with quotes ; blank line contains whitespace ; blank line contains whitespace ; line too long (92 > 79 characters) ; blank line contains whitespace ; no newline at end of file,7
./Data/generation/python_spanish_claude/iter_3/files/6306092d73426c38ae68ad06.py,D100 ; W293 ; E501 ; W293 ; W292,Missing docstring in public module ; blank line contains whitespace ; line too long (84 > 79 characters) ; blank line contains whitespace ; no newline at end of file,5
./Data/generation/python_spanish_claude/iter_3/files/6306092d73426c38ae68ad07.py,D100 ; D200 ; W293 ; E501 ; W293 ; E501 ; W293 ; W292,Missing docstring in public module ; One-line docstring should fit on one line with quotes ; blank line contains whitespace ; line too long (85 > 79 characters) ; blank line contains whitespace ; line too long (86 > 79 characters) ; blank line contains whitespace ; no newline at end of file,8
./Data/generation/python_spanish_claude/iter_3/files/6306092d73426c38ae68ad08.py,CCR001 ; D100 ; E501 ; W293 ; W293 ; E501 ; E501 ; W293 ; W293 ; W293 ; W293 ; W292,Cognitive complexity is too high (24 > 7) ; Missing docstring in public module ; line too long (99 > 79 characters) ; blank line contains whitespace ; blank line contains whitespace ; line too long (97 > 79 characters) ; line too long (93 > 79 characters) ; blank line contains whitespace ; blank line contains whitespace ; blank line contains whitespace ; blank line contains whitespace ; no newline at end of file,12
./Data/generation/python_spanish_claude/iter_3/files/6306092e73426c38ae68ad09.py,D100 ; E501 ; E501 ; W292,Missing docstring in public module ; line too long (107 > 79 characters) ; line too long (107 > 79 characters) ; no newline at end of file,4
./Data/generation/python_spanish_claude/iter_3/files/6306092e73426c38ae68ad0a.py,D100 ; D400 ; E501 ; W291 ; W291 ; E501 ; E128 ; W292,Missing docstring in public module ; First line should end with a period ; line too long (90 > 79 characters) ; trailing whitespace ; trailing whitespace ; line too long (91 > 79 characters) ; continuation line under-indented for visual indent ; no newline at end of file,8
./Data/generation/python_spanish_claude/iter_3/files/6306092e73426c38ae68ad0b.py,D100 ; E501 ; W293 ; E501 ; W293 ; E501 ; W292,Missing docstring in public module ; line too long (82 > 79 characters) ; blank line contains whitespace ; line too long (81 > 79 characters) ; blank line contains whitespace ; line too long (98 > 79 characters) ; no newline at end of file,7
./Data/generation/python_spanish_claude/iter_3/files/6306092e73426c38ae68ad0d.py,D100 ; E501 ; W291 ; F821 ; F821 ; F821 ; F821 ; C812 ; W293 ; C812 ; W293 ; W292,Missing docstring in public module ; line too long (88 > 79 characters) ; trailing whitespace ; undefined name 'JsonType' ; undefined name 'KeyValueType' ; undefined name 'ListType' ; undefined name 'DictType' ; missing trailing comma ; blank line contains whitespace ; missing trailing comma ; blank line contains whitespace ; no newline at end of file,12
./Data/generation/python_spanish_claude/iter_3/files/6306092e73426c38ae68ad0f.py,CCR001 ; D100 ; E501 ; E501 ; E501 ; E501 ; W292,Cognitive complexity is too high (20 > 7) ; Missing docstring in public module ; line too long (118 > 79 characters) ; line too long (107 > 79 characters) ; line too long (128 > 79 characters) ; line too long (91 > 79 characters) ; no newline at end of file,7
./Data/generation/python_spanish_claude/iter_3/files/6306092e73426c38ae68ad11.py,D100 ; D400 ; W291 ; W293 ; W293 ; W292,Missing docstring in public module ; First line should end with a period ; trailing whitespace ; blank line contains whitespace ; blank line contains whitespace ; no newline at end of file,6
./Data/generation/python_spanish_claude/iter_3/files/6306092f73426c38ae68ad13.py,CCR001 ; D100 ; E501 ; E501 ; E501 ; W293 ; W293 ; W293 ; W293 ; W293 ; E501 ; W292,Cognitive complexity is too high (17 > 7) ; Missing docstring in public module ; line too long (111 > 79 characters) ; line too long (98 > 79 characters) ; line too long (100 > 79 characters) ; blank line contains whitespace ; blank line contains whitespace ; blank line contains whitespace ; blank line contains whitespace ; blank line contains whitespace ; line too long (80 > 79 characters) ; no newline at end of file,12
./Data/generation/python_spanish_claude/iter_3/files/6306093273426c38ae68ad15.py,D100 ; W291 ; W293 ; F821 ; F821 ; F821 ; F821 ; E501 ; W293 ; F821 ; C812 ; W293 ; W293 ; F821 ; F821 ; F821 ; W292,Missing docstring in public module ; trailing whitespace ; blank line contains whitespace ; undefined name 'os' ; undefined name 'json' ; undefined name 'os' ; undefined name 'os' ; line too long (82 > 79 characters) ; blank line contains whitespace ; undefined name 'ansible_playbook' ; missing trailing comma ; blank line contains whitespace ; blank line contains whitespace ; undefined name 'LOG' ; undefined name 'os' ; undefined name 'os' ; no newline at end of file,17
./Data/generation/python_spanish_claude/iter_3/files/63060ada73426c38ae68ad31.py,CCR001 ; D100 ; E501 ; E501 ; W293 ; W293 ; W293 ; W293 ; W293 ; W293 ; W292,Cognitive complexity is too high (16 > 7) ; Missing docstring in public module ; line too long (88 > 79 characters) ; line too long (83 > 79 characters) ; blank line contains whitespace ; blank line contains whitespace ; blank line contains whitespace ; blank line contains whitespace ; blank line contains whitespace ; blank line contains whitespace ; no newline at end of file,11
./Data/generation/python_spanish_claude/iter_3/files/63060b1a73426c38ae68ad3e.py,CCR001 ; D100 ; W291 ; W293 ; W293 ; W293 ; W293 ; W293 ; W293 ; W293 ; W293 ; W293 ; W292,Cognitive complexity is too high (11 > 7) ; Missing docstring in public module ; trailing whitespace ; blank line contains whitespace ; blank line contains whitespace ; blank line contains whitespace ; blank line contains whitespace ; blank line contains whitespace ; blank line contains whitespace ; blank line contains whitespace ; blank line contains whitespace ; blank line contains whitespace ; no newline at end of file,13
./Data/generation/python_spanish_claude/iter_3/files/63060b1b73426c38ae68ad42.py,D100 ; D200 ; E501 ; W293 ; W292,Missing docstring in public module ; One-line docstring should fit on one line with quotes ; line too long (87 > 79 characters) ; blank line contains whitespace ; no newline at end of file,5
./Data/generation/python_spanish_claude/iter_3/files/63060b1b73426c38ae68ad43.py,D100 ; E501 ; C812 ; C812 ; C812 ; C812 ; C812 ; C812 ; C812 ; C812 ; C812 ; W292,Missing docstring in public module ; line too long (99 > 79 characters) ; missing trailing comma ; missing trailing comma ; missing trailing comma ; missing trailing comma ; missing trailing comma ; missing trailing comma ; missing trailing comma ; missing trailing comma ; missing trailing comma ; no newline at end of file,12
./Data/generation/python_spanish_claude/iter_3/files/6306292052e177c0ba469f09.py,D100 ; D103 ; F821 ; E501 ; W293 ; E501 ; W293 ; W293 ; W292,Missing docstring in public module ; Missing docstring in public function ; undefined name 'RequestType' ; line too long (83 > 79 characters) ; blank line contains whitespace ; line too long (83 > 79 characters) ; blank line contains whitespace ; blank line contains whitespace ; no newline at end of file,9
./Data/generation/python_spanish_claude/iter_3/files/6306292152e177c0ba469f0d.py,CCR001 ; D100 ; F821 ; D200 ; W293 ; W293 ; C812 ; W293 ; W293 ; W291 ; C812 ; W293 ; B001 ; E722 ; W293 ; W292,"Cognitive complexity is too high (20 > 7) ; Missing docstring in public module ; undefined name 'RequestType' ; One-line docstring should fit on one line with quotes ; blank line contains whitespace ; blank line contains whitespace ; missing trailing comma ; blank line contains whitespace ; blank line contains whitespace ; trailing whitespace ; missing trailing comma ; blank line contains whitespace ; Do not use bare `except:`, it also catches unexpected events like memory errors, interrupts, system exit, and so on.  Prefer excepting specific exceptions  If you're sure what you're doing, be explicit and write `except BaseException:`. ; do not use bare 'except' ; blank line contains whitespace ; no newline at end of file",16
./Data/generation/python_spanish_claude/iter_3/files/6306292252e177c0ba469f11.py,D100 ; D200 ; W292,Missing docstring in public module ; One-line docstring should fit on one line with quotes ; no newline at end of file,3
./Data/generation/python_spanish_claude/iter_3/files/6306292352e177c0ba469f1d.py,E999,SyntaxError: unterminated string literal (detected at line 18),1
./Data/generation/python_spanish_claude/iter_3/files/6306292352e177c0ba469f1e.py,D100 ; D200 ; E501 ; W293 ; W291 ; E501 ; W291 ; E501 ; W292,Missing docstring in public module ; One-line docstring should fit on one line with quotes ; line too long (114 > 79 characters) ; blank line contains whitespace ; trailing whitespace ; line too long (83 > 79 characters) ; trailing whitespace ; line too long (83 > 79 characters) ; no newline at end of file,9
./Data/generation/python_spanish_claude/iter_3/files/6306292652e177c0ba469f34.py,D100 ; F821 ; D200 ; E501 ; F401 ; W293 ; W293 ; W293 ; W293 ; W292,Missing docstring in public module ; undefined name 'Optional' ; One-line docstring should fit on one line with quotes ; line too long (83 > 79 characters) ; 'typing.Optional' imported but unused ; blank line contains whitespace ; blank line contains whitespace ; blank line contains whitespace ; blank line contains whitespace ; no newline at end of file,10
./Data/generation/python_spanish_claude/iter_3/files/6306292a52e177c0ba469f41.py,D100 ; D200 ; W293 ; E501 ; W293 ; W293 ; W293 ; W292,Missing docstring in public module ; One-line docstring should fit on one line with quotes ; blank line contains whitespace ; line too long (88 > 79 characters) ; blank line contains whitespace ; blank line contains whitespace ; blank line contains whitespace ; no newline at end of file,8
./Data/generation/python_spanish_claude/iter_3/files/6306298b52e177c0ba469fdc.py,D100 ; E501 ; E501 ; W292,Missing docstring in public module ; line too long (108 > 79 characters) ; line too long (96 > 79 characters) ; no newline at end of file,4
./Data/generation/python_spanish_claude/iter_3/files/6306299052e177c0ba469fe8.py,D100 ; E501 ; E501 ; W293 ; W293 ; W292,Missing docstring in public module ; line too long (81 > 79 characters) ; line too long (343 > 79 characters) ; blank line contains whitespace ; blank line contains whitespace ; no newline at end of file,6
./Data/generation/python_spanish_claude/iter_3/files/630629b952e177c0ba46a043.py,D100 ; E501 ; E501 ; E501 ; W293 ; C812 ; C812 ; C812 ; W293 ; W292,Missing docstring in public module ; line too long (102 > 79 characters) ; line too long (85 > 79 characters) ; line too long (99 > 79 characters) ; blank line contains whitespace ; missing trailing comma ; missing trailing comma ; missing trailing comma ; blank line contains whitespace ; no newline at end of file,10
./Data/generation/python_spanish_claude/iter_3/files/630629d052e177c0ba46a0a1.py,D100 ; D200 ; E501 ; W293 ; C812 ; C812 ; W293 ; W293 ; W292,Missing docstring in public module ; One-line docstring should fit on one line with quotes ; line too long (117 > 79 characters) ; blank line contains whitespace ; missing trailing comma ; missing trailing comma ; blank line contains whitespace ; blank line contains whitespace ; no newline at end of file,9
./Data/generation/python_spanish_claude/iter_3/files/630629e052e177c0ba46a0c4.py,CCR001 ; D100 ; F821 ; E501 ; W293 ; E501 ; W293 ; F401 ; W293 ; C812 ; W293 ; C812 ; W293 ; W293 ; E501 ; W293 ; E501 ; C812 ; W293 ; C812 ; W293 ; W293 ; E501 ; W292,Cognitive complexity is too high (8 > 7) ; Missing docstring in public module ; undefined name 'Dict' ; line too long (105 > 79 characters) ; blank line contains whitespace ; line too long (80 > 79 characters) ; blank line contains whitespace ; 'typing.Dict' imported but unused ; blank line contains whitespace ; missing trailing comma ; blank line contains whitespace ; missing trailing comma ; blank line contains whitespace ; blank line contains whitespace ; line too long (96 > 79 characters) ; blank line contains whitespace ; line too long (97 > 79 characters) ; missing trailing comma ; blank line contains whitespace ; missing trailing comma ; blank line contains whitespace ; blank line contains whitespace ; line too long (88 > 79 characters) ; no newline at end of file,24
./Data/generation/python_spanish_claude/iter_3/files/630629e152e177c0ba46a0d1.py,D100 ; F821 ; D205 ; F401 ; F401 ; W293 ; W293 ; C812 ; W293 ; W293 ; W292,Missing docstring in public module ; undefined name 'Optional' ; 1 blank line required between summary line and description ; 'urllib.parse.urlparse' imported but unused ; 'typing.Optional' imported but unused ; blank line contains whitespace ; blank line contains whitespace ; missing trailing comma ; blank line contains whitespace ; blank line contains whitespace ; no newline at end of file,11
./Data/generation/python_spanish_claude/iter_3/files/630629e152e177c0ba46a0d2.py,CCR001 ; D100 ; W291 ; F401 ; W293 ; W293 ; E501 ; W293 ; W293 ; W293 ; W293 ; C812 ; W293 ; W293 ; W293 ; W292,Cognitive complexity is too high (9 > 7) ; Missing docstring in public module ; trailing whitespace ; 'urllib.parse.urlparse' imported but unused ; blank line contains whitespace ; blank line contains whitespace ; line too long (84 > 79 characters) ; blank line contains whitespace ; blank line contains whitespace ; blank line contains whitespace ; blank line contains whitespace ; missing trailing comma ; blank line contains whitespace ; blank line contains whitespace ; blank line contains whitespace ; no newline at end of file,16
./Data/generation/python_spanish_claude/iter_3/files/630629e252e177c0ba46a0d6.py,D100 ; W293 ; C812 ; W293 ; W293 ; W292,Missing docstring in public module ; blank line contains whitespace ; missing trailing comma ; blank line contains whitespace ; blank line contains whitespace ; no newline at end of file,6
./Data/generation/python_spanish_claude/iter_3/files/630629e752e177c0ba46a0fb.py,D100 ; E501 ; W291 ; E501 ; W291 ; W291 ; W291 ; E501 ; W291 ; W293 ; W293 ; B026 ; C815 ; W293 ; W293 ; W292,"Missing docstring in public module ; line too long (87 > 79 characters) ; trailing whitespace ; line too long (126 > 79 characters) ; trailing whitespace ; trailing whitespace ; trailing whitespace ; line too long (120 > 79 characters) ; trailing whitespace ; blank line contains whitespace ; blank line contains whitespace ; Star-arg unpacking after a keyword argument is strongly discouraged, because it only works when the keyword parameter is declared after all parameters supplied by the unpacked sequence, and this change of ordering can surprise and mislead readers. ; missing trailing comma in Python 3.5+ ; blank line contains whitespace ; blank line contains whitespace ; no newline at end of file",16
